Blink Start Time,Blink End Time,Blink Duration (seconds),EAR
2024-12-20 16:21:01.613675,,,0.3467692161020157
2024-12-20 16:21:01.715180,,,0.2920267721385783
2024-12-20 16:21:01.754264,,,0.305803017804831
2024-12-20 16:21:01.789261,,,0.3186800548786759
2024-12-20 16:21:01.824487,,,0.2882986565644219
2024-12-20 16:21:01.860037,,,0.3412966135616529
2024-12-20 16:21:01.895408,,,0.3197989983181272
2024-12-20 16:21:01.931515,,,0.29651742278276144
2024-12-20 16:21:01.967573,,,0.30330212962789127
2024-12-20 16:21:02.002514,,,0.34610834128009116
2024-12-20 16:21:02.038894,,,0.2945138345850232
2024-12-20 16:21:02.075326,2024-12-20 16:21:02.147841,0.072515,0.251425954779467
2024-12-20 16:21:02.147841,,,0.251425954779467
2024-12-20 16:21:02.183269,2024-12-20 16:21:02.255322,0.072053,0.2674876435923349
2024-12-20 16:21:02.255322,,,0.2674876435923349
2024-12-20 16:21:02.291076,2024-12-20 16:21:02.360502,0.069426,0.2828832136129392
2024-12-20 16:21:02.360502,,,0.2828832136129392
2024-12-20 16:21:03.833211,,,0.2809335151697004
2024-12-20 16:21:03.866712,,,0.26836649831637727
2024-12-20 16:21:03.898719,,,0.2823797106074126
2024-12-20 16:21:03.931804,,,0.2795116874018737
2024-12-20 16:21:03.964823,,,0.28702824978651076
2024-12-20 16:21:03.998802,,,0.2886562243821558
2024-12-20 16:21:04.031140,,,0.27260487299851893
2024-12-20 16:21:04.062407,,,0.2823797106074126
2024-12-20 16:21:04.101408,,,0.29663308513108294
2024-12-20 16:21:04.137052,,,0.2823797106074126
2024-12-20 16:21:04.169056,,,0.274990803893439
2024-12-20 16:21:04.201168,,,0.2812449761854712
2024-12-20 16:21:04.234674,,,0.28740140884389687
2024-12-20 16:21:04.266672,,,0.28058173374744605
2024-12-20 16:21:04.298674,,,0.30436900620206153
2024-12-20 16:21:04.331678,,,0.2823797106074126
2024-12-20 16:21:04.362028,,,0.2810759608004718
2024-12-20 16:21:04.405005,,,0.29748836955886393
2024-12-20 16:21:04.437290,,,0.32541458134725154
2024-12-20 16:21:04.473055,,,0.2886562243821558
2024-12-20 16:21:04.504057,,,0.2951868896933707
2024-12-20 16:21:04.535505,,,0.2951868896933707
2024-12-20 16:21:04.567506,,,0.29596749109772813
2024-12-20 16:21:04.602389,,,0.3251771455710241
2024-12-20 16:21:04.636113,,,0.2755603804884077
2024-12-20 16:21:04.667116,,,0.29375287809060124
2024-12-20 16:21:04.711012,,,0.2824997917237301
2024-12-20 16:21:04.743646,,,0.2951868896933707
2024-12-20 16:21:04.775625,,,0.30436900620206153
2024-12-20 16:21:04.809642,,,0.30436900620206153
2024-12-20 16:21:04.841440,,,0.30436900620206153
2024-12-20 16:21:04.874440,,,0.3147290224004728
2024-12-20 16:21:04.907860,,,0.30411289428901256
2024-12-20 16:21:05.046979,,,0.29663308513108294
2024-12-20 16:21:05.142669,,,0.2886562243821558
2024-12-20 16:21:05.176656,,,0.29663308513108294
2024-12-20 16:21:05.389795,,,0.29644170523162966
2024-12-20 16:21:05.423784,,,0.2844029437150862
2024-12-20 16:21:05.459331,,,0.2804854006403531
2024-12-20 16:21:05.494317,,,0.2886562243821558
2024-12-20 16:21:05.527320,,,0.2897170769275392
2024-12-20 16:21:05.563089,,,0.29663308513108294
2024-12-20 16:21:05.597090,,,0.2872100289444436
2024-12-20 16:21:05.636609,,,0.2668002217623475
2024-12-20 16:21:05.671608,,,0.2951990735283135
2024-12-20 16:21:05.707608,,,0.2823797106074126
2024-12-20 16:21:05.742368,,,0.26824641720005976
2024-12-20 16:21:05.778369,,,0.2689413001050397
2024-12-20 16:21:05.814368,,,0.28912541589317364
2024-12-20 16:21:05.848883,,,0.2610329119517901
2024-12-20 16:21:05.916996,,,0.2872100289444436
2024-12-20 16:21:05.952526,,,0.26404153002667985
2024-12-20 16:21:05.988523,,,0.29663308513108294
2024-12-20 16:21:06.024527,,,0.29007021341678085
2024-12-20 16:21:06.059625,,,0.2668002217623475
2024-12-20 16:21:06.094624,,,0.2668002217623475
2024-12-20 16:21:06.129628,,,0.2898595197653422
2024-12-20 16:21:06.166193,,,0.2959478461877927
2024-12-20 16:21:06.241713,2024-12-20 16:21:06.386976,0.145263,0.2702237922776215
2024-12-20 16:21:06.386976,,,0.2702237922776215
2024-12-20 16:21:06.421983,,,0.2571787950400619
2024-12-20 16:21:06.457509,,,0.25411312379270695
2024-12-20 16:21:06.493823,,,0.27499731783745307
2024-12-20 16:21:06.561923,,,0.29663308513108294
2024-12-20 16:21:06.698167,,,0.29663308513108294
2024-12-20 16:21:06.768187,,,0.30411289428901256
2024-12-20 16:21:06.836424,,,0.29663308513108294
2024-12-20 16:21:06.872422,,,0.30430427418846584
2024-12-20 16:21:06.908423,,,0.33949415674058814
2024-12-20 16:21:06.944495,,,0.3081909337099585
2024-12-20 16:21:06.979512,,,0.29375287809060124
2024-12-20 16:21:07.075452,,,0.30436900620206153
2024-12-20 16:21:07.141010,,,0.2762273608720927
2024-12-20 16:21:07.235109,,,0.305803017804831
2024-12-20 16:21:07.266108,,,0.2974015027004976
2024-12-20 16:21:07.298216,,,0.30436900620206153
2024-12-20 16:21:07.333293,,,0.30141088035321095
2024-12-20 16:21:07.365289,,,0.2951990735283135
2024-12-20 16:21:07.397292,,,0.3052891723585126
2024-12-20 16:21:07.430295,,,0.2942432153972377
2024-12-20 16:21:07.461422,,,0.27554121278560173
2024-12-20 16:21:07.495441,2024-12-20 16:21:07.658768,0.163327,0.26490693628968287
2024-12-20 16:21:07.658768,,,0.26490693628968287
2024-12-20 16:21:07.693015,,,0.26824641720005976
2024-12-20 16:21:07.725019,,,0.26824641720005976
2024-12-20 16:21:07.758529,,,0.2951868896933707
2024-12-20 16:21:07.791970,,,0.27510481028509404
2024-12-20 16:21:07.825868,,,0.2624055284805107
2024-12-20 16:21:07.860045,,,0.305803017804831
2024-12-20 16:21:07.894150,,,0.28094569900464317
2024-12-20 16:21:07.926155,,,0.2830745935123925
2024-12-20 16:21:07.960354,,,0.2765388218878635
2024-12-20 16:21:07.994246,,,0.2673997960546293
2024-12-20 16:21:08.025482,,,0.2830745935123925
2024-12-20 16:21:08.057985,,,0.29200059810803436
2024-12-20 16:21:08.092263,,,0.2872100289444436
2024-12-20 16:21:08.126672,,,0.2668002217623475
2024-12-20 16:21:08.162443,,,0.2664484403400932
2024-12-20 16:21:08.195440,,,0.25958671651407794
2024-12-20 16:21:08.227665,,,0.2872100289444436
2024-12-20 16:21:08.260178,,,0.26824641720005976
2024-12-20 16:21:08.292073,,,0.2810535962860179
2024-12-20 16:21:08.325077,,,0.2830745935123925
2024-12-20 16:21:08.358037,,,0.2668002217623475
2024-12-20 16:21:08.390019,,,0.26681240559729036
2024-12-20 16:21:08.423091,,,0.2664635878455558
2024-12-20 16:21:08.454600,,,0.26824641720005976
2024-12-20 16:21:08.486598,,,0.25997390777547946
2024-12-20 16:21:08.519603,,,0.2765388218878635
2024-12-20 16:21:08.553123,,,0.26140791937824887
2024-12-20 16:21:08.583123,,,0.2668002217623475
2024-12-20 16:21:08.615167,2024-12-20 16:21:08.744478,0.129311,0.267571067285414
2024-12-20 16:21:08.744478,,,0.267571067285414
2024-12-20 16:21:08.778731,2024-12-20 16:21:08.813076,0.034345,0.2548080066976869
2024-12-20 16:21:08.813076,,,0.2548080066976869
2024-12-20 16:21:08.848049,,,0.26768125937308707
2024-12-20 16:21:08.881048,2024-12-20 16:21:08.915051,0.034003,0.25342962938742114
2024-12-20 16:21:08.915051,,,0.25342962938742114
2024-12-20 16:21:08.947604,2024-12-20 16:21:08.979709,0.032105,0.28896748450466125
2024-12-20 16:21:08.979709,,,0.28896748450466125
2024-12-20 16:21:09.012695,,,0.2765388218878635
2024-12-20 16:21:09.044226,,,0.2795116874018737
2024-12-20 16:21:09.076120,,,0.2750035895019093
2024-12-20 16:21:09.108121,,,0.2884528834402047
2024-12-20 16:21:09.140595,,,0.3029349945992921
2024-12-20 16:21:09.172608,,,0.30436900620206153
2024-12-20 16:21:09.206518,,,0.30436900620206153
2024-12-20 16:21:09.238346,,,0.27719823407819466
2024-12-20 16:21:09.270251,,,0.2809335151697004
2024-12-20 16:21:09.304282,,,0.3028337738161073
2024-12-20 16:21:09.337641,,,0.2951990735283135
2024-12-20 16:21:09.372658,,,0.3029349945992921
2024-12-20 16:21:09.405748,,,0.305803017804831
2024-12-20 16:21:09.439154,,,0.30436900620206153
2024-12-20 16:21:09.472153,,,0.2744028498584855
2024-12-20 16:21:09.505154,,,0.2830745935123925
2024-12-20 16:21:09.538693,,,0.30436900620206153
2024-12-20 16:21:09.571215,,,0.2951868896933707
2024-12-20 16:21:09.602199,,,0.29663308513108294
2024-12-20 16:21:09.639040,,,0.2830745935123925
2024-12-20 16:21:09.670992,,,0.2959478461877927
2024-12-20 16:21:09.704995,,,0.29663308513108294
2024-12-20 16:21:09.737539,,,0.2823797106074126
2024-12-20 16:21:09.771504,,,0.29663308513108294
2024-12-20 16:21:09.804811,,,0.2809335151697004
2024-12-20 16:21:09.839578,,,0.28797098543886557
2024-12-20 16:21:09.871674,,,0.2760011986041711
2024-12-20 16:21:09.904690,,,0.2770131197121955
2024-12-20 16:21:09.936228,,,0.2951868896933707
2024-12-20 16:21:09.974952,,,0.29663308513108294
2024-12-20 16:21:10.008955,,,0.29007021341678085
2024-12-20 16:21:10.044522,,,0.2951990735283135
2024-12-20 16:21:10.080502,,,0.3029349945992921
2024-12-20 16:21:10.115008,2024-12-20 16:21:10.325108,0.2101,0.25399304267638945
2024-12-20 16:21:10.325108,,,0.25399304267638945
2024-12-20 16:21:10.359640,2024-12-20 16:21:10.394620,0.03498,0.2689413001050397
2024-12-20 16:21:10.394620,,,0.2689413001050397
2024-12-20 16:21:10.429626,2024-12-20 16:21:10.465160,0.035534,0.2823797106074126
2024-12-20 16:21:10.465160,,,0.2823797106074126
2024-12-20 16:21:10.501160,2024-12-20 16:21:10.532201,0.031041,0.26812633608374226
2024-12-20 16:21:10.532201,,,0.26812633608374226
2024-12-20 16:21:10.566693,,,0.26525831287820334
2024-12-20 16:21:10.602708,,,0.2906721152952163
2024-12-20 16:21:10.637203,,,0.2824997917237301
2024-12-20 16:21:10.673204,,,0.2765388218878635
2024-12-20 16:21:10.710203,,,0.2765388218878635
2024-12-20 16:21:10.747752,,,0.26824641720005976
2024-12-20 16:21:10.782738,,,0.25255903107362
2024-12-20 16:21:10.817736,,,0.2830745935123925
2024-12-20 16:21:10.852285,,,0.28923810369244685
2024-12-20 16:21:10.887284,,,0.27517882651608583
2024-12-20 16:21:10.923291,,,0.2951990735283135
2024-12-20 16:21:10.957797,,,0.2951990735283135
2024-12-20 16:21:10.993799,,,0.28058173374744605
2024-12-20 16:21:11.027008,,,0.28896748450466125
2024-12-20 16:21:11.060531,,,0.305803017804831
2024-12-20 16:21:11.093939,,,0.28094569900464317
2024-12-20 16:21:11.127981,,,0.2906721152952163
2024-12-20 16:21:11.160853,,,0.28094569900464317
2024-12-20 16:21:11.194096,,,0.2785056660341389
2024-12-20 16:21:11.226207,,,0.28058173374744605
2024-12-20 16:21:11.258607,,,0.2823797106074126
2024-12-20 16:21:11.291624,,,0.2974015027004976
2024-12-20 16:21:11.324628,,,0.2915042250195503
2024-12-20 16:21:11.358187,,,0.27510481028509404
2024-12-20 16:21:11.391186,,,0.2650144287373238
2024-12-20 16:21:11.424175,,,0.29663308513108294
2024-12-20 16:21:11.455999,,,0.28996005813109094
2024-12-20 16:21:11.488896,,,0.305803017804831
2024-12-20 16:21:11.520952,,,0.26681240559729036
2024-12-20 16:21:11.553459,,,0.30672318396128206
2024-12-20 16:21:11.584577,,,0.2824997917237301
2024-12-20 16:21:11.617458,,,0.2610329119517901
2024-12-20 16:21:11.650964,,,0.2809335151697004
2024-12-20 16:21:11.682068,,,0.2702846495958313
2024-12-20 16:21:11.714965,,,0.28923810369244685
2024-12-20 16:21:11.747737,,,0.2887634435952257
2024-12-20 16:21:11.780737,,,0.2886562243821558
2024-12-20 16:21:11.812738,,,0.2916697243974781
2024-12-20 16:21:11.844587,,,0.2671340472925723
2024-12-20 16:21:11.877588,,,0.2592349350918236
2024-12-20 16:21:11.909474,,,0.28923810369244685
2024-12-20 16:21:11.943143,,,0.25958671651407794
2024-12-20 16:21:11.976043,,,0.2664484403400932
2024-12-20 16:21:12.011042,,,0.2668002217623475
2024-12-20 16:21:12.047202,,,0.25399304267638945
2024-12-20 16:21:12.080306,,,0.26206486228354525
2024-12-20 16:21:12.115309,,,0.27631823680721557
2024-12-20 16:21:12.149858,,,0.2823797106074126
2024-12-20 16:21:12.184856,,,0.2857643345857017
2024-12-20 16:21:12.218856,,,0.2524515386259791
2024-12-20 16:21:12.254407,,,0.2812449761854712
2024-12-20 16:21:12.288406,,,0.29663308513108294
2024-12-20 16:21:12.324419,,,0.2823797106074126
2024-12-20 16:21:12.359928,,,0.3086987156016582
2024-12-20 16:21:12.394930,2024-12-20 16:21:12.428958,0.034028,0.28094569900464317
2024-12-20 16:21:12.428958,,,0.28094569900464317
2024-12-20 16:21:12.463464,,,0.2906721152952163
2024-12-20 16:21:12.498466,,,0.305803017804831
2024-12-20 16:21:12.535472,,,0.2906721152952163
2024-12-20 16:21:12.568835,,,0.29756971609901484
2024-12-20 16:21:12.605835,,,0.29663308513108294
2024-12-20 16:21:12.641348,,,0.2744028498584855
2024-12-20 16:21:12.676362,,,0.3070578333430899
2024-12-20 16:21:12.711276,,,0.31023951224713076
2024-12-20 16:21:12.744792,,,0.2765388218878635
2024-12-20 16:21:12.779807,,,0.305803017804831
2024-12-20 16:21:12.814790,,,0.2887634435952257
2024-12-20 16:21:12.848676,,,0.2951990735283135
2024-12-20 16:21:12.891652,,,0.3042677854188768
2024-12-20 16:21:12.936137,,,0.28743225211870715
2024-12-20 16:21:12.969308,,,0.28740140884389687
2024-12-20 16:21:13.002298,,,0.2978261570559039
2024-12-20 16:21:13.035395,,,0.2823797106074126
2024-12-20 16:21:13.069774,,,0.28740140884389687
2024-12-20 16:21:13.103878,,,0.29663308513108294
2024-12-20 16:21:13.135777,,,0.29375287809060124
2024-12-20 16:21:13.168296,,,0.28058173374744605
2024-12-20 16:21:13.202295,,,0.305803017804831
2024-12-20 16:21:13.236579,,,0.2792288843791454
2024-12-20 16:21:13.268089,,,0.28743225211870715
2024-12-20 16:21:13.302107,,,0.29138972665878315
2024-12-20 16:21:13.337507,,,0.29375287809060124
2024-12-20 16:21:13.370120,,,0.27887710295689105
2024-12-20 16:21:13.403504,,,0.28958444553402757
2024-12-20 16:21:13.436416,2024-12-20 16:21:13.573204,0.136788,0.25089260329135804
2024-12-20 16:21:13.573204,,,0.25089260329135804
2024-12-20 16:21:13.604449,,,0.26102715117024494
2024-12-20 16:21:13.639293,,,0.252330294438203
2024-12-20 16:21:13.672186,,,0.29192693083347526
2024-12-20 16:21:13.706298,,,0.25119556001626153
2024-12-20 16:21:13.738695,,,0.2809335151697004
2024-12-20 16:21:13.771867,,,0.26824641720005976
2024-12-20 16:21:13.806868,,,0.252330294438203
2024-12-20 16:21:13.839280,,,0.2824997917237301
2024-12-20 16:21:13.872280,,,0.2671116827781183
2024-12-20 16:21:13.904768,,,0.2693811516220012
2024-12-20 16:21:13.936808,,,0.2765388218878635
2024-12-20 16:21:13.970467,,,0.2884622613892802
2024-12-20 16:21:14.005453,,,0.2897170769275392
2024-12-20 16:21:14.041001,,,0.31100080530078017
2024-12-20 16:21:14.076007,,,0.27355679229066954
2024-12-20 16:21:14.113005,,,0.26824641720005976
2024-12-20 16:21:14.148517,,,0.2671154627336577
2024-12-20 16:21:14.184548,,,0.2804854006403531
2024-12-20 16:21:14.220520,,,0.2752862864754605
2024-12-20 16:21:14.255807,,,0.2951990735283135
2024-12-20 16:21:14.290834,,,0.28154625318573645
2024-12-20 16:21:14.326812,,,0.29375287809060124
2024-12-20 16:21:14.362113,,,0.290480735395763
2024-12-20 16:21:14.397112,,,0.295378269592824
2024-12-20 16:21:14.433117,,,0.3097182016340255
2024-12-20 16:21:14.467203,,,0.2922396271994995
2024-12-20 16:21:14.502495,,,0.30979204563929535
2024-12-20 16:21:14.537827,,,0.32937195659329577
2024-12-20 16:21:14.571775,,,0.305803017804831
2024-12-20 16:21:14.607499,,,0.3085348814565757
2024-12-20 16:21:14.642996,,,0.316288467434216
2024-12-20 16:21:14.983401,,,0.25958671651407794
2024-12-20 16:21:15.047897,,,0.29663308513108294
2024-12-20 16:21:15.080901,,,0.29663308513108294
2024-12-20 16:21:15.114895,,,0.29663308513108294
2024-12-20 16:21:15.150541,,,0.30994700575355183
2024-12-20 16:21:15.183552,,,0.29785944181924906
2024-12-20 16:21:15.216459,,,0.3090106946594887
2024-12-20 16:21:15.249053,,,0.2886562243821558
2024-12-20 16:21:15.283064,,,0.30081228176645214
2024-12-20 16:21:15.316259,,,0.2951868896933707
2024-12-20 16:21:15.351766,,,0.30302394455185305
2024-12-20 16:21:15.384766,,,0.2812495601875473
2024-12-20 16:21:15.418765,,,0.29663308513108294
2024-12-20 16:21:15.453610,,,0.32387162103263195
2024-12-20 16:21:15.489009,,,0.2823797106074126
2024-12-20 16:21:15.522024,,,0.2794621468309672
2024-12-20 16:21:15.558113,,,0.27326811543654406
2024-12-20 16:21:15.596190,,,0.30169440532103275
2024-12-20 16:21:15.627099,,,0.29367363880226893
2024-12-20 16:21:15.660717,,,0.2893167957926269
2024-12-20 16:21:15.692669,,,0.2995222575415448
2024-12-20 16:21:15.725777,2024-12-20 16:21:15.950518,0.224741,0.265001498434807
2024-12-20 16:21:15.950518,,,0.265001498434807
2024-12-20 16:21:15.983511,,,0.3007770730798038
2024-12-20 16:21:16.015417,,,0.2524515386259791
2024-12-20 16:21:16.049950,,,0.2664484403400932
2024-12-20 16:21:16.082949,,,0.2584641659270792
2024-12-20 16:21:16.114965,,,0.2765388218878635
2024-12-20 16:21:16.147461,,,0.2669881210061116
2024-12-20 16:21:16.181481,,,0.29012822034706776
2024-12-20 16:21:16.212701,,,0.2887107601333728
2024-12-20 16:21:16.245372,,,0.2523151469327404
2024-12-20 16:21:16.276520,,,0.2765388218878635
2024-12-20 16:21:16.308617,,,0.2951868896933707
2024-12-20 16:21:16.341252,,,0.2824997917237301
2024-12-20 16:21:16.373348,,,0.29663308513108294
2024-12-20 16:21:16.404454,,,0.296380462697162
2024-12-20 16:21:16.438470,,,0.30792031452217294
2024-12-20 16:21:16.471112,,,0.29663308513108294
2024-12-20 16:21:16.503913,,,0.2951990735283135
2024-12-20 16:21:16.570189,,,0.28740140884389687
2024-12-20 16:21:16.606187,,,0.3252474810206841
2024-12-20 16:21:16.641220,,,0.31512528087339176
2024-12-20 16:21:16.674458,,,0.2993782701636827
2024-12-20 16:21:16.705459,,,0.2739789396165372
2024-12-20 16:21:16.738466,,,0.27364199833486375
2024-12-20 16:21:16.771273,,,0.27499731783745307
2024-12-20 16:21:16.803859,,,0.30169440532103275
2024-12-20 16:21:16.837865,,,0.3025996433979108
2024-12-20 16:21:16.932093,,,0.28788278418985747
2024-12-20 16:21:16.966098,,,0.2751835023852741
2024-12-20 16:21:17.031517,,,0.2920647986891207
2024-12-20 16:21:17.063582,,,0.30409838701427594
2024-12-20 16:21:17.096886,,,0.29663308513108294
2024-12-20 16:21:17.160608,,,0.295378269592824
2024-12-20 16:21:17.225518,,,0.27949950356693093
2024-12-20 16:21:17.258170,,,0.28896748450466125
2024-12-20 16:21:17.323282,,,0.2906721152952163
2024-12-20 16:21:17.356818,,,0.287210530023414
2024-12-20 16:21:17.390881,,,0.29346078374134776
2024-12-20 16:21:17.423882,,,0.2667049131496494
2024-12-20 16:21:17.456376,,,0.290170980781113
2024-12-20 16:21:17.491430,,,0.2872100289444436
2024-12-20 16:21:17.523375,,,0.27295715549974364
2024-12-20 16:21:17.555886,,,0.30409838701427594
2024-12-20 16:21:17.587887,,,0.2951868896933707
2024-12-20 16:21:17.618991,,,0.2951868896933707
2024-12-20 16:21:17.652413,,,0.2906721152952163
2024-12-20 16:21:17.686413,,,0.2812449761854712
2024-12-20 16:21:17.719397,,,0.2978176267509898
2024-12-20 16:21:17.782936,,,0.309624945312728
2024-12-20 16:21:17.817934,,,0.28095828767331976
2024-12-20 16:21:17.850951,,,0.2939442579900545
2024-12-20 16:21:17.919093,,,0.3123349216586794
2024-12-20 16:21:17.954113,,,0.3168183929319419
2024-12-20 16:21:17.989437,,,0.295378269592824
2024-12-20 16:21:18.024454,,,0.2824997917237301
2024-12-20 16:21:18.059926,,,0.3086987156016582
2024-12-20 16:21:18.093907,,,0.295378269592824
2024-12-20 16:21:18.132915,,,0.2995222575415448
2024-12-20 16:21:18.168488,,,0.295378269592824
2024-12-20 16:21:18.202446,,,0.309624945312728
2024-12-20 16:21:18.238469,,,0.31589476028370483
2024-12-20 16:21:18.271976,,,0.309624945312728
2024-12-20 16:21:18.304091,,,0.2924121940698986
2024-12-20 16:21:18.339085,,,0.26824641720005976
2024-12-20 16:21:18.373595,2024-12-20 16:21:18.578829,0.205234,0.2513077341941891
2024-12-20 16:21:18.578829,,,0.2513077341941891
2024-12-20 16:21:18.613831,2024-12-20 16:21:18.649343,0.035512,0.25411312379270695
2024-12-20 16:21:18.649343,,,0.25411312379270695
2024-12-20 16:21:18.686526,2024-12-20 16:21:18.724533,0.038007,0.2598664153278385
2024-12-20 16:21:18.724533,,,0.2598664153278385
2024-12-20 16:21:18.761083,2024-12-20 16:21:18.796056,0.034973,0.2739789396165372
2024-12-20 16:21:18.796056,,,0.2739789396165372
2024-12-20 16:21:18.834064,,,0.25859083067092536
2024-12-20 16:21:18.868572,,,0.26824641720005976
2024-12-20 16:21:18.908572,,,0.29663308513108294
2024-12-20 16:21:18.947085,,,0.27038840947503273
2024-12-20 16:21:18.982085,,,0.26824641720005976
2024-12-20 16:21:19.022092,,,0.2597255650928668
2024-12-20 16:21:19.062384,,,0.2718224210778022
2024-12-20 16:21:19.101402,,,0.25859083067092536
2024-12-20 16:21:19.137390,,,0.26556824878577
2024-12-20 16:21:19.174934,,,0.26085751048608613
2024-12-20 16:21:19.214937,,,0.2810657801209607
2024-12-20 16:21:19.253655,,,0.29663308513108294
2024-12-20 16:21:19.290657,,,0.2893167957926269
2024-12-20 16:21:19.325872,,,0.30411289428901256
2024-12-20 16:21:19.363039,,,0.3016480845638009
2024-12-20 16:21:19.398039,,,0.30982534724462285
2024-12-20 16:21:19.432253,,,0.32454732663498564
2024-12-20 16:21:19.467657,,,0.2951868896933707
2024-12-20 16:21:19.502657,,,0.3055233865019838
2024-12-20 16:21:19.538684,,,0.33760285445633087
2024-12-20 16:21:19.573434,,,0.3346620695558434
2024-12-20 16:21:19.613437,,,0.3019840131631244
2024-12-20 16:21:19.652889,,,0.3158542244663062
2024-12-20 16:21:19.686890,,,0.3383360633019501
2024-12-20 16:21:19.722889,,,0.33319979704516955
2024-12-20 16:21:19.756643,,,0.3621302503574002
2024-12-20 16:21:19.789627,,,0.3016142659355556
2024-12-20 16:21:19.822645,,,0.34402839967506227
2024-12-20 16:21:19.854104,,,0.3354952166349955
2024-12-20 16:21:28.808011,,,0.29351099412683296
2024-12-20 16:21:29.240720,,,0.2802730487300295
2024-12-20 16:21:29.449511,,,0.30157825019311124
2024-12-20 16:21:29.511572,,,0.28896748450466125
2024-12-20 16:21:29.545296,,,0.2857643345857017
2024-12-20 16:21:29.578805,,,0.3297350213504865
2024-12-20 16:21:29.610911,,,0.31833811563975833
2024-12-20 16:21:29.644011,,,0.30022119013429727
2024-12-20 16:21:29.675956,,,0.2920647986891207
2024-12-20 16:21:29.717298,,,0.30374500547005323
2024-12-20 16:21:29.753348,,,0.29596749109772813
2024-12-20 16:21:29.786559,,,0.30672318396128206
2024-12-20 16:21:29.819947,,,0.29720215632389557
2024-12-20 16:21:29.851954,,,0.2710116955040036
2024-12-20 16:21:29.885482,,,0.2731000812308161
2024-12-20 16:21:29.920260,,,0.3089079657215592
2024-12-20 16:21:29.964126,,,0.2806368226332424
2024-12-20 16:21:30.000126,,,0.2998071757577383
2024-12-20 16:21:30.036145,,,0.30220083858159386
2024-12-20 16:21:30.071229,2024-12-20 16:21:30.321585,0.250356,0.25790017983214997
2024-12-20 16:21:30.321585,,,0.25790017983214997
2024-12-20 16:21:30.461205,,,0.2868164302710658
2024-12-20 16:21:30.497218,,,0.30436900620206153
2024-12-20 16:21:30.532219,,,0.28585346996460004
2024-12-20 16:21:30.568764,,,0.25727067340933796
2024-12-20 16:21:30.605762,,,0.27248353205790465
2024-12-20 16:21:30.640762,,,0.28585346996460004
2024-12-20 16:21:30.674802,,,0.2652587177119372
2024-12-20 16:21:30.711802,,,0.27601344730548383
2024-12-20 16:21:30.745832,,,0.2562585032500696
2024-12-20 16:21:30.781009,,,0.2548123078123574
2024-12-20 16:21:30.816035,,,0.27441196734809215
2024-12-20 16:21:30.851137,,,0.2707299359582359
2024-12-20 16:21:30.888249,,,0.26568039077986744
2024-12-20 16:21:30.920354,,,0.2668002217623475
2024-12-20 16:21:30.956367,,,0.28516076994631717
2024-12-20 16:21:30.993911,2024-12-20 16:21:31.029911,0.036,0.3081205982602985
2024-12-20 16:21:31.029911,,,0.3081205982602985
2024-12-20 16:21:31.063830,,,0.2949955097939174
2024-12-20 16:21:31.096912,,,0.3081205982602985
2024-12-20 16:21:31.130524,,,0.330101408681969
2024-12-20 16:21:31.165829,,,0.3401559091836505
2024-12-20 16:21:31.198828,,,0.33458451402099953
2024-12-20 16:21:31.231813,,,0.30936322996361465
2024-12-20 16:21:31.264585,,,0.29576392736333207
2024-12-20 16:21:31.296620,,,0.31165196755643987
2024-12-20 16:21:31.331617,,,0.30263860165952416
2024-12-20 16:21:31.367385,,,0.28585346996460004
2024-12-20 16:21:31.403386,,,0.3052891723585126
2024-12-20 16:21:31.436402,,,0.29375287809060124
2024-12-20 16:21:31.470031,,,0.2951990735283135
2024-12-20 16:21:31.503321,,,0.31649859110118383
2024-12-20 16:21:31.537321,,,0.31851446113878074
2024-12-20 16:21:31.569051,,,0.3116585576285644
2024-12-20 16:21:31.602052,,,0.2823797106074126
2024-12-20 16:21:31.638846,,,0.2823797106074126
2024-12-20 16:21:31.672504,,,0.3083458502015831
2024-12-20 16:21:31.705505,,,0.30672318396128206
2024-12-20 16:21:31.739520,,,0.3127006186086295
2024-12-20 16:21:31.773085,,,0.27837967258445084
2024-12-20 16:21:31.806069,,,0.29453347949495867
2024-12-20 16:21:31.839046,,,0.26023219318494295
2024-12-20 16:21:31.871771,,,0.29200059810803436
2024-12-20 16:21:31.907786,,,0.2528071381044673
2024-12-20 16:21:31.941770,,,0.2832914911879376
2024-12-20 16:21:31.976440,,,0.2813717117024149
2024-12-20 16:21:32.009440,2024-12-20 16:21:32.185941,0.176501,0.2624055284805107
2024-12-20 16:21:32.185941,,,0.2624055284805107
2024-12-20 16:21:32.218940,,,0.2915042250195503
2024-12-20 16:21:32.252963,,,0.2855235804187165
2024-12-20 16:21:32.287614,2024-12-20 16:21:32.323514,0.0359,0.2858954203896868
2024-12-20 16:21:32.323514,,,0.2858954203896868
2024-12-20 16:21:32.357614,,,0.2517300375404898
2024-12-20 16:21:32.394124,,,0.293765061925544
2024-12-20 16:21:32.435124,,,0.3028337738161073
2024-12-20 16:21:32.472639,,,0.2826886599913266
2024-12-20 16:21:32.507639,,,0.2974015027004976
2024-12-20 16:21:32.545644,,,0.2951868896933707
2024-12-20 16:21:32.583149,,,0.2937406942556585
2024-12-20 16:21:32.619153,,,0.3052891723585126
2024-12-20 16:21:32.655156,,,0.3052891723585126
2024-12-20 16:21:32.692326,,,0.2911558789511598
2024-12-20 16:21:32.729322,,,0.3096006657398421
2024-12-20 16:21:32.764866,,,0.3117952664936007
2024-12-20 16:21:32.800988,,,0.2872100289444436
2024-12-20 16:21:32.837385,,,0.3039873685711815
2024-12-20 16:21:32.870809,,,0.3341034053587795
2024-12-20 16:21:32.905702,,,0.2920647986891207
2024-12-20 16:21:32.940701,,,0.29351099412683296
2024-12-20 16:21:32.977571,,,0.29663308513108294
2024-12-20 16:21:33.018170,,,0.28923810369244685
2024-12-20 16:21:33.057179,,,0.29375287809060124
2024-12-20 16:21:33.093708,,,0.28585346996460004
2024-12-20 16:21:33.128689,,,0.3028337738161073
2024-12-20 16:21:33.162256,,,0.3025411731334693
2024-12-20 16:21:33.196343,,,0.2868164302710658
2024-12-20 16:21:33.230344,,,0.29663308513108294
2024-12-20 16:21:33.264978,,,0.2668002217623475
2024-12-20 16:21:33.297964,,,0.28579419960650204
2024-12-20 16:21:33.331685,,,0.28579419960650204
2024-12-20 16:21:33.363619,,,0.28988689504297416
2024-12-20 16:21:33.397003,,,0.305803017804831
2024-12-20 16:21:33.432005,,,0.305803017804831
2024-12-20 16:21:33.466856,,,0.30051275918011333
2024-12-20 16:21:33.503072,,,0.305803017804831
2024-12-20 16:21:33.535058,,,0.3196212941996922
2024-12-20 16:21:33.567938,,,0.27737093161219745
2024-12-20 16:21:33.603116,,,0.2872100289444436
2024-12-20 16:21:33.636489,,,0.3169792287528266
2024-12-20 16:21:33.668366,,,0.3188511173611488
2024-12-20 16:21:33.701311,,,0.2875500242909663
2024-12-20 16:21:33.735328,2024-12-20 16:21:33.976262,0.240934,0.2508689514950282
2024-12-20 16:21:33.976262,,,0.2508689514950282
2024-12-20 16:21:34.012235,,,0.26323763820484464
2024-12-20 16:21:34.050263,,,0.2548080066976869
2024-12-20 16:21:34.087849,,,0.25318037931416526
2024-12-20 16:21:34.122973,,,0.2818341976903753
2024-12-20 16:21:34.159288,,,0.29307982298225377
2024-12-20 16:21:34.193729,,,0.30220083858159386
2024-12-20 16:21:34.226730,,,0.3075644992217765
2024-12-20 16:21:34.260733,,,0.28585346996460004
2024-12-20 16:21:34.294247,,,0.29230668265288906
2024-12-20 16:21:34.329263,,,0.2664635878455558
2024-12-20 16:21:34.366223,,,0.2915042250195503
2024-12-20 16:21:34.404222,,,0.30672318396128206
2024-12-20 16:21:34.439221,,,0.3004302296151921
2024-12-20 16:21:34.474738,,,0.3052891723585126
2024-12-20 16:21:34.510754,,,0.27309491780191864
2024-12-20 16:21:34.546735,,,0.2915042250195503
2024-12-20 16:21:34.582279,,,0.3127006186086295
2024-12-20 16:21:34.620256,,,0.3147290224004728
2024-12-20 16:21:34.655260,,,0.3196212941996922
2024-12-20 16:21:34.691135,,,0.27737093161219745
2024-12-20 16:21:34.725674,,,0.2915042250195503
2024-12-20 16:21:34.760656,,,0.3052891723585126
2024-12-20 16:21:34.799167,,,0.3004302296151921
2024-12-20 16:21:34.835175,,,0.29492845434052795
2024-12-20 16:21:34.868820,,,0.3141285084651409
2024-12-20 16:21:34.902707,,,0.30374500547005323
2024-12-20 16:21:34.934709,,,0.26750728850227024
2024-12-20 16:21:34.982243,,,0.3147290224004728
2024-12-20 16:21:35.016243,,,0.30220083858159386
2024-12-20 16:21:35.049266,,,0.29596749109772813
2024-12-20 16:21:35.080751,,,0.3052891723585126
2024-12-20 16:21:35.113767,,,0.30220083858159386
2024-12-20 16:21:35.147796,,,0.29230668265288906
2024-12-20 16:21:35.180360,,,0.2798136841872203
2024-12-20 16:21:35.214455,,,0.25039708895645635
2024-12-20 16:21:35.247452,2024-12-20 16:21:35.386782,0.13933,0.26178540394510763
2024-12-20 16:21:35.386782,,,0.26178540394510763
2024-12-20 16:21:35.418768,,,0.26323763820484464
2024-12-20 16:21:35.453027,,,0.2662276028603822
2024-12-20 16:21:35.486531,,,0.28859925962556976
2024-12-20 16:21:35.519516,,,0.3141285084651409
2024-12-20 16:21:35.552626,,,0.3036348501843633
2024-12-20 16:21:35.594323,,,0.2988860627267328
2024-12-20 16:21:35.627331,,,0.31977128351759987
2024-12-20 16:21:35.661443,,,0.2989095495234091
2024-12-20 16:21:35.694117,,,0.32367645123197814
2024-12-20 16:21:35.728448,,,0.2998412754341847
2024-12-20 16:21:35.761470,,,0.3052891723585126
2024-12-20 16:21:35.793999,,,0.3209698596811861
2024-12-20 16:21:35.829999,,,0.2911558789511598
2024-12-20 16:21:35.863987,,,0.2973897642325114
2024-12-20 16:21:35.896252,,,0.2944941896750879
2024-12-20 16:21:35.929251,,,0.29375287809060124
2024-12-20 16:21:35.964092,,,0.28516076994631717
2024-12-20 16:21:35.999201,,,0.3038311212539315
2024-12-20 16:21:36.034204,,,0.28996005813109094
2024-12-20 16:21:36.067816,,,0.2885260465283215
2024-12-20 16:21:36.104125,,,0.30655335837279296
2024-12-20 16:21:36.137025,,,0.3209698596811861
2024-12-20 16:21:36.170640,,,0.32758530786724216
2024-12-20 16:21:36.203641,,,0.3260900231757971
2024-12-20 16:21:36.236641,,,0.28164058190962304
2024-12-20 16:21:36.269297,,,0.30979204563929535
2024-12-20 16:21:36.302278,,,0.30031434206780183
2024-12-20 16:21:36.334400,,,0.2974015027004976
2024-12-20 16:21:36.367466,,,0.3165021060816864
2024-12-20 16:21:36.399466,,,0.2908070611994253
2024-12-20 16:21:36.431482,,,0.30068722525403446
2024-12-20 16:21:36.462653,,,0.31953584807841656
2024-12-20 16:21:36.505594,,,0.2906721152952163
2024-12-20 16:21:36.538493,,,0.29375287809060124
2024-12-20 16:21:36.572559,,,0.3348768989282196
2024-12-20 16:21:36.605420,,,0.29230668265288906
2024-12-20 16:21:36.639421,,,0.3095667936980107
2024-12-20 16:21:36.672623,,,0.31997935807507494
2024-12-20 16:21:36.707622,,,0.26323763820484464
2024-12-20 16:21:36.740637,2024-12-20 16:21:36.808843,0.068206,0.2600425347947284
2024-12-20 16:21:36.808843,,,0.2600425347947284
2024-12-20 16:21:36.843860,,,0.27737093161219745
2024-12-20 16:21:36.877360,,,0.26145480885034067
2024-12-20 16:21:36.910375,,,0.29306017807231843
2024-12-20 16:21:36.943466,,,0.2750977327634654
2024-12-20 16:21:36.976191,,,0.2951990735283135
2024-12-20 16:21:37.009658,,,0.28585346996460004
2024-12-20 16:21:37.042572,,,0.2718368234382932
2024-12-20 16:21:37.076961,,,0.265002244902381
2024-12-20 16:21:37.110069,,,0.28806808297172687
2024-12-20 16:21:37.145071,,,0.2951868896933707
2024-12-20 16:21:37.177835,,,0.2865173289261608
2024-12-20 16:21:37.211850,,,0.30874086539499185
2024-12-20 16:21:37.245835,,,0.28516076994631717
2024-12-20 16:21:37.278026,,,0.2704802644584496
2024-12-20 16:21:37.310126,,,0.2865173289261608
2024-12-20 16:21:37.342491,,,0.29306017807231843
2024-12-20 16:21:37.374251,,,0.29306017807231843
2024-12-20 16:21:37.407250,,,0.2945138345850232
2024-12-20 16:21:37.449998,,,0.32105530580246167
2024-12-20 16:21:37.482598,,,0.28660626704279873
2024-12-20 16:21:37.514596,,,0.2818341976903753
2024-12-20 16:21:37.547595,,,0.2758267647237381
2024-12-20 16:21:37.582128,,,0.26023219318494295
2024-12-20 16:21:37.617124,2024-12-20 16:21:37.820386,0.203262,0.25778873965411137
2024-12-20 16:21:37.820386,,,0.25778873965411137
2024-12-20 16:21:37.855718,,,0.27103733662019247
2024-12-20 16:21:37.889998,,,0.27103733662019247
2024-12-20 16:21:37.926001,,,0.2844072745268878
2024-12-20 16:21:37.964020,,,0.27228751727091705
2024-12-20 16:21:38.002431,,,0.2915042250195503
2024-12-20 16:21:38.037433,,,0.28516076994631717
2024-12-20 16:21:38.071946,,,0.2651331786993527
2024-12-20 16:21:38.106947,,,0.2812673406999251
2024-12-20 16:21:38.142947,,,0.2798136841872203
2024-12-20 16:21:38.184010,,,0.2606104686200553
2024-12-20 16:21:38.220008,,,0.2915042250195503
2024-12-20 16:21:38.260015,,,0.2546143909169347
2024-12-20 16:21:38.297522,,,0.2606226991260067
2024-12-20 16:21:38.333544,,,0.2951990735283135
2024-12-20 16:21:38.368297,,,0.2915042250195503
2024-12-20 16:21:38.404026,,,0.29007021341678085
2024-12-20 16:21:38.438466,,,0.2755881022576935
2024-12-20 16:21:38.474543,,,0.2830745935123925
2024-12-20 16:21:38.508526,,,0.2916697243974781
2024-12-20 16:21:38.544527,,,0.27701403700111255
2024-12-20 16:21:38.579104,,,0.2915042250195503
2024-12-20 16:21:38.614103,,,0.2798136841872203
2024-12-20 16:21:38.649103,,,0.29851045012966937
2024-12-20 16:21:38.686623,,,0.28133869556644564
2024-12-20 16:21:38.723622,,,0.3096006657398421
2024-12-20 16:21:38.762631,,,0.27837967258445084
2024-12-20 16:21:38.802145,,,0.2951868896933707
2024-12-20 16:21:38.838164,,,0.2704802644584496
2024-12-20 16:21:38.873724,,,0.2944941896750879
2024-12-20 16:21:38.908727,,,0.2886562243821558
2024-12-20 16:21:38.942708,,,0.28164058190962304
2024-12-20 16:21:38.977222,,,0.2755881022576935
2024-12-20 16:21:39.011221,,,0.2602741383440652
2024-12-20 16:21:39.045261,2024-12-20 16:21:39.231522,0.186261,0.2508689514950282
2024-12-20 16:21:39.231522,,,0.2508689514950282
2024-12-20 16:21:39.266509,,,0.2608798750005401
2024-12-20 16:21:39.305020,,,0.2750035895019093
2024-12-20 16:21:39.340035,,,0.27390698523821533
2024-12-20 16:21:39.375510,,,0.2701574263639278
2024-12-20 16:21:39.415508,,,0.2829209867632543
2024-12-20 16:21:39.454515,,,0.2910457236654699
2024-12-20 16:21:39.491064,,,0.2829209867632543
2024-12-20 16:21:39.531063,,,0.2915042250195503
2024-12-20 16:21:39.568575,,,0.286614426459022
2024-12-20 16:21:39.604580,,,0.27390698523821533
2024-12-20 16:21:39.640382,,,0.2852708311690497
2024-12-20 16:21:39.685571,,,0.27737093161219745
2024-12-20 16:21:39.735870,2024-12-20 16:21:39.807232,0.071362,0.26323763820484464
2024-12-20 16:21:39.807232,,,0.26323763820484464
2024-12-20 16:21:39.840517,,,0.28308745572973093
2024-12-20 16:21:39.876144,,,0.27513969111090397
2024-12-20 16:21:39.909041,,,0.26323763820484464
2024-12-20 16:21:39.942041,,,0.29218045808741133
2024-12-20 16:21:39.975584,,,0.28996005813109094
2024-12-20 16:21:40.008588,,,0.28958444553402757
2024-12-20 16:21:40.042584,,,0.30672318396128206
2024-12-20 16:21:40.112901,,,0.2943028097756346
2024-12-20 16:21:40.146918,,,0.29192693083347526
2024-12-20 16:21:40.182634,,,0.25942621848783526
2024-12-20 16:21:40.218815,,,0.2826952545462892
2024-12-20 16:21:40.254309,,,0.27737093161219745
2024-12-20 16:21:40.287719,,,0.28660626704279873
2024-12-20 16:21:40.319809,,,0.28545782655245966
2024-12-20 16:21:40.353720,,,0.3054863146962993
2024-12-20 16:21:40.386929,,,0.2865173289261608
2024-12-20 16:21:40.418999,,,0.2650320668635251
2024-12-20 16:21:40.453105,,,0.305803017804831
2024-12-20 16:21:40.486809,,,0.27593692000942804
2024-12-20 16:21:40.521851,,,0.3075422892314057
2024-12-20 16:21:40.555220,,,0.29844031625808326
2024-12-20 16:21:40.590817,,,0.3067411302345582
2024-12-20 16:21:40.624715,,,0.3037477548969587
2024-12-20 16:21:40.658755,,,0.28309966016936494
2024-12-20 16:21:40.693283,,,0.3036348501843633
2024-12-20 16:21:40.731379,,,0.3037477548969587
2024-12-20 16:21:40.770782,,,0.2968961493696239
2024-12-20 16:21:40.803889,,,0.3125432071736986
2024-12-20 16:21:40.836892,,,0.3049876371733694
2024-12-20 16:21:40.869446,,,0.28160758478510045
2024-12-20 16:21:40.906595,,,0.32234571966923825
2024-12-20 16:21:40.940466,,,0.29752015010163213
2024-12-20 16:21:40.975196,,,0.2998412754341847
2024-12-20 16:21:41.008195,,,0.28766497848459394
2024-12-20 16:21:41.040194,,,0.2880402786455682
2024-12-20 16:21:41.072898,,,0.29453347949495867
2024-12-20 16:21:41.105911,,,0.2788539932787385
2024-12-20 16:21:41.140189,,,0.279622304287767
2024-12-20 16:21:41.174197,,,0.30436900620206153
2024-12-20 16:21:41.205615,,,0.307977999499541
2024-12-20 16:21:41.240052,,,0.29354931435620524
2024-12-20 16:21:41.272303,,,0.2885260465283215
2024-12-20 16:21:41.307515,,,0.30925222719968254
2024-12-20 16:21:41.341844,,,0.31256085478000517
2024-12-20 16:21:41.375352,,,0.30344347028491003
2024-12-20 16:21:41.409352,,,0.29306017807231843
2024-12-20 16:21:41.442352,,,0.312490720908419
2024-12-20 16:21:41.475974,,,0.29285661433792237
2024-12-20 16:21:41.507990,,,0.28658900043178576
2024-12-20 16:21:41.541993,,,0.29430143045559265
2024-12-20 16:21:41.574528,,,0.2943028097756346
2024-12-20 16:21:41.610531,,,0.3049273392523494
2024-12-20 16:21:41.644590,,,0.279622304287767
2024-12-20 16:21:41.679320,,,0.3025411731334693
2024-12-20 16:21:41.711294,,,0.30192897323155726
2024-12-20 16:21:41.744384,,,0.29306017807231843
2024-12-20 16:21:41.776921,,,0.30385516075574315
2024-12-20 16:21:41.811945,,,0.2912148736693499
2024-12-20 16:21:41.847441,,,0.30199727484719785
2024-12-20 16:21:41.882982,,,0.31271822612591316
2024-12-20 16:21:41.919962,,,0.2943028097756346
2024-12-20 16:21:41.954962,,,0.28806808297172687
2024-12-20 16:21:41.992076,,,0.31908605631985626
2024-12-20 16:21:42.027074,,,0.28516076994631717
2024-12-20 16:21:42.072369,,,0.3052891723585126
2024-12-20 16:21:42.108088,,,0.28363954951791714
2024-12-20 16:21:42.143091,,,0.2911558789511598
2024-12-20 16:21:42.181658,2024-12-20 16:21:42.458465,0.276807,0.26969147905416346
2024-12-20 16:21:42.458465,,,0.26969147905416346
2024-12-20 16:21:42.492601,,,0.2582647186272024
2024-12-20 16:21:42.529273,,,0.26197107338198233
2024-12-20 16:21:42.570508,,,0.26750721449924486
2024-12-20 16:21:42.606750,,,0.2841761863964909
2024-12-20 16:21:42.641137,,,0.25648188927269844
2024-12-20 16:21:42.676698,2024-12-20 16:21:42.712740,0.036042,0.26662766099621493
2024-12-20 16:21:42.712740,,,0.26662766099621493
2024-12-20 16:21:42.748073,,,0.2835386647923298
2024-12-20 16:21:42.782589,,,0.3144123192919411
2024-12-20 16:21:42.818340,,,0.3007668269788244
2024-12-20 16:21:42.851311,,,0.3010711115908731
2024-12-20 16:21:42.886937,,,0.26662766099621493
2024-12-20 16:21:42.922173,,,0.3098237792084878
2024-12-20 16:21:42.954172,,,0.31234785267659504
2024-12-20 16:21:42.986798,,,0.303939134796412
2024-12-20 16:21:43.020082,,,0.29146618958606424
2024-12-20 16:21:43.053977,,,0.2806146649184709
2024-12-20 16:21:43.091129,,,0.3036739629214656
2024-12-20 16:21:43.126123,,,0.2999298667745893
2024-12-20 16:21:43.160161,,,0.28968336023156027
2024-12-20 16:21:43.193940,,,0.3052891723585126
2024-12-20 16:21:43.225940,,,0.3040523030935298
2024-12-20 16:21:43.261373,,,0.3010711115908731
2024-12-20 16:21:43.292989,,,0.3070334945961865
2024-12-20 16:21:43.327134,,,0.3007668269788244
2024-12-20 16:21:43.360122,,,0.3144123192919411
2024-12-20 16:21:43.393292,,,0.3178815259042673
2024-12-20 16:21:43.426195,,,0.2800634178966411
2024-12-20 16:21:43.460759,,,0.2945138345850232
2024-12-20 16:21:43.493961,,,0.3007668269788244
2024-12-20 16:21:43.528231,,,0.2524956770886965
2024-12-20 16:21:43.561236,,,0.29757337638416625
2024-12-20 16:21:43.594980,,,0.28691750118573406
2024-12-20 16:21:43.629984,,,0.2912148736693499
2024-12-20 16:21:43.662967,,,0.2927590405578092
