Blink Start Time,Blink End Time,Blink Duration (seconds),EAR
2024-12-27 18:16:45.017569,,,0.26886046987929574
2024-12-27 18:16:45.082570,,,0.24730327068841876
2024-12-27 18:17:22.754733,2024-12-27 18:18:09.355752,46.601019,0.245167571827372
2024-12-27 18:18:09.355752,,,0.245167571827372
2024-12-27 18:18:09.486016,,,0.27263987279361124
2024-12-27 18:18:09.691593,,,0.31467365111797685
2024-12-27 18:18:09.724140,,,0.2863750495226053
2024-12-27 18:18:09.758154,,,0.2616491467925507
2024-12-27 18:18:09.966363,,,0.28706907447146157
2024-12-27 18:18:10.004941,,,0.2795973828490351
2024-12-27 18:18:10.079938,,,0.2815359961430184
2024-12-27 18:18:10.116452,,,0.28507078179913603
2024-12-27 18:18:10.152447,,,0.2796460301387566
2024-12-27 18:18:10.225614,,,0.291502144753797
2024-12-27 18:18:10.261615,,,0.2528725000145893
2024-12-27 18:18:10.297620,,,0.2636671808286468
2024-12-27 18:18:10.334660,,,0.2525092803470166
2024-12-27 18:18:10.406737,,,0.24411572250165775
2024-12-27 18:18:10.442733,,,0.3025524106918058
2024-12-27 18:18:10.478734,,,0.27683135907193523
2024-12-27 18:18:10.512855,,,0.3182300999297834
2024-12-27 18:18:10.548853,,,0.278499067310126
2024-12-27 18:18:10.723059,,,0.278499067310126
2024-12-27 18:18:10.759073,,,0.279902584032207
2024-12-27 18:18:10.796085,,,0.25687305326453286
2024-12-27 18:18:10.835309,,,0.2568492838294052
2024-12-27 18:18:10.871305,,,0.2814039942980582
2024-12-27 18:18:10.975430,,,0.23873778856586078
2024-12-27 18:18:11.112511,,,0.27133618748926347
2024-12-27 18:18:11.323670,,,0.2560148912276713
2024-12-27 18:18:11.360685,,,0.2692656828115563
2024-12-27 18:18:23.391191,,,0.43323676957394097
2024-12-27 18:18:23.431703,,,0.4246350608664839
2024-12-27 18:18:23.535336,,,0.44988166848907174
2024-12-27 18:18:23.570337,,,0.32704228823776726
2024-12-27 18:18:23.605368,,,0.34532433423001224
2024-12-27 18:18:23.641610,,,0.3463426710053357
2024-12-27 18:18:23.677609,,,0.27769221905027874
2024-12-27 18:18:23.714038,,,0.3024238751098811
2024-12-27 18:18:23.748569,,,0.3296916586938442
2024-12-27 18:18:23.783204,,,0.33369231369100627
2024-12-27 18:18:23.818238,,,0.26273140662568845
2024-12-27 18:18:23.855751,,,0.3806042900725254
2024-12-27 18:18:23.892748,,,0.3866100549504664
2024-12-27 18:18:23.928875,,,0.2849747831135313
2024-12-27 18:18:23.963678,2024-12-27 18:18:24.106257,0.142579,0.24203135781010748
2024-12-27 18:18:24.106257,,,0.24203135781010748
2024-12-27 18:18:24.142769,,,0.23338009308715693
2024-12-27 18:18:24.177784,,,0.2635861405257721
2024-12-27 18:18:24.212820,,,0.2311861521525001
2024-12-27 18:18:24.250986,,,0.23132089766149566
2024-12-27 18:18:24.286463,,,0.23420899919231544
2024-12-27 18:18:24.321142,2024-12-27 18:18:24.601470,0.280328,0.24667837132960624
2024-12-27 18:18:24.601470,,,0.24667837132960624
2024-12-27 18:18:25.017704,,,0.27151479970920245
2024-12-27 18:18:25.897104,,,0.3108451181755567
2024-12-27 18:18:25.994662,,,0.31071709925639934
2024-12-27 18:18:26.028324,,,0.30015947322409176
2024-12-27 18:18:26.062296,,,0.2345585308581802
2024-12-27 18:18:26.097732,2024-12-27 18:18:26.131761,0.034029,0.2548753699176113
2024-12-27 18:18:26.131761,,,0.2548753699176113
2024-12-27 18:18:26.164849,,,0.26256704788250446
2024-12-27 18:18:26.197743,,,0.44422136147361835
2024-12-27 18:18:26.231287,,,0.40214194052519947
2024-12-27 18:18:26.266089,,,0.33072211661307455
2024-12-27 18:18:26.493887,,,0.33620143660062596
2024-12-27 18:18:26.560607,,,0.25477789958845654
2024-12-27 18:18:26.594608,,,0.273961105356171
2024-12-27 18:18:26.628927,,,0.2984333768405368
2024-12-27 18:18:26.694068,,,0.26860278219292977
2024-12-27 18:18:26.759137,,,0.31813972543314917
2024-12-27 18:18:26.824683,,,0.3026276546101459
2024-12-27 18:18:26.860782,,,0.2695880504107657
2024-12-27 18:18:26.894106,,,0.2920940182025923
2024-12-27 18:18:26.929564,,,0.28913286723354725
2024-12-27 18:18:26.963565,,,0.24435498552061108
2024-12-27 18:18:26.998649,,,0.24515677757277288
2024-12-27 18:18:27.031161,,,0.29301666143823646
2024-12-27 18:18:27.065162,,,0.30718959497432785
2024-12-27 18:18:27.100160,,,0.2619686220917369
2024-12-27 18:18:27.133721,,,0.275608742280483
2024-12-27 18:18:27.200720,,,0.2633773566888497
2024-12-27 18:18:27.654949,,,0.28224411400403315
2024-12-27 18:18:27.723140,,,0.26842737675360706
2024-12-27 18:18:27.757648,,,0.24008543122301124
2024-12-27 18:18:27.797648,,,0.27590053388162783
2024-12-27 18:18:27.833158,,,0.27301878534402513
2024-12-27 18:18:27.908657,,,0.297789923757794
2024-12-27 18:18:27.948176,,,0.2858851618530321
2024-12-27 18:18:27.985174,2024-12-27 18:18:28.024691,0.039517,0.23879134849841233
2024-12-27 18:18:28.024691,,,0.23879134849841233
2024-12-27 18:18:28.063695,,,0.27391082185570476
2024-12-27 18:18:28.135207,,,0.3026813717540211
2024-12-27 18:18:28.209206,,,0.28647273562365905
2024-12-27 18:18:28.729841,,,0.26384804197739087
2024-12-27 18:18:28.832348,,,0.24406374284625315
2024-12-27 18:18:28.869347,,,0.27692047192957203
2024-12-27 18:18:28.974774,,,0.2502786234416282
2024-12-27 18:18:29.077824,,,0.26860278219292977
2024-12-27 18:18:29.148339,2024-12-27 18:18:29.221339,0.073,0.4167647619848333
2024-12-27 18:18:29.221339,,,0.4167647619848333
2024-12-27 18:18:29.256527,,,0.25277431342942924
2024-12-27 18:18:29.292509,,,0.24916465589126796
2024-12-27 18:18:29.326731,,,0.26860278219292977
2024-12-27 18:18:29.360707,,,0.2559943246174148
2024-12-27 18:18:29.395705,,,0.27861287434091464
2024-12-27 18:18:29.428788,2024-12-27 18:18:29.463787,0.034999,0.2482663981960888
2024-12-27 18:18:29.463787,,,0.2482663981960888
2024-12-27 18:18:29.497785,,,0.2748028583673844
2024-12-27 18:18:29.532314,,,0.28542737092861337
2024-12-27 18:18:29.630805,,,0.2948793541686535
2024-12-27 18:18:29.698424,,,0.2822347070100948
2024-12-27 18:18:29.827471,,,0.2748028583673844
2024-12-27 18:18:29.862484,,,0.30794228942831725
2024-12-27 18:18:29.898468,,,0.28196934880663893
2024-12-27 18:18:29.931978,,,0.2801852757832797
2024-12-27 18:18:29.998990,,,0.2645553326443274
2024-12-27 18:18:30.033384,,,0.25312697432119474
2024-12-27 18:18:30.069383,,,0.28196934880663893
2024-12-27 18:18:30.103383,,,0.2794769225627083
2024-12-27 18:18:30.169911,,,0.269425240612044
2024-12-27 18:18:31.120207,2024-12-27 18:18:31.192157,0.07195,0.2507445762413584
2024-12-27 18:18:31.192157,,,0.2507445762413584
2024-12-27 18:18:31.226720,,,0.24072133146477226
2024-12-27 18:18:31.261799,2024-12-27 18:18:31.296700,0.034901,0.2517070548381894
2024-12-27 18:18:31.296700,,,0.2517070548381894
2024-12-27 18:18:31.427872,,,0.2769361902343289
2024-12-27 18:18:31.531428,,,0.30174722518129093
2024-12-27 18:18:31.564794,,,0.27301878534402513
2024-12-27 18:18:31.663031,,,0.2811774627085001
2024-12-27 18:18:31.731414,,,0.29306875006236244
2024-12-27 18:18:31.799633,,,0.2975073019950695
2024-12-27 18:18:32.309544,,,0.2821577887198551
2024-12-27 18:18:32.345048,,,0.2874840190892833
2024-12-27 18:18:32.414649,,,0.29379919533725884
2024-12-27 18:18:32.449799,,,0.3034736999894968
2024-12-27 18:18:32.486036,,,0.28566304395216086
2024-12-27 18:18:32.521592,,,0.29306875006236244
2024-12-27 18:18:32.557109,,,0.2665014424652211
2024-12-27 18:18:32.593109,,,0.2367616137508154
2024-12-27 18:18:32.630191,,,0.2968978872461143
2024-12-27 18:18:32.668192,,,0.297789923757794
2024-12-27 18:18:32.705190,,,0.31358003435737797
2024-12-27 18:18:32.776275,,,0.3008735868253372
2024-12-27 18:18:32.812292,,,0.30499413552663535
2024-12-27 18:18:32.846811,,,0.24109683899001214
2024-12-27 18:18:32.881813,,,0.292116657715078
2024-12-27 18:18:32.917816,,,0.2871686694822557
2024-12-27 18:18:33.024329,2024-12-27 18:18:33.059393,0.035064,0.2893191270461457
2024-12-27 18:18:33.059393,,,0.2893191270461457
2024-12-27 18:18:33.094449,2024-12-27 18:18:33.200188,0.105739,0.24189880095454375
2024-12-27 18:18:33.200188,,,0.24189880095454375
2024-12-27 18:18:33.235563,,,0.2537595816472652
2024-12-27 18:18:33.270906,,,0.2802312205794477
2024-12-27 18:18:33.305807,,,0.2746830464033816
2024-12-27 18:18:33.342517,,,0.29506734206102725
2024-12-27 18:18:33.377515,,,0.2749656681661061
2024-12-27 18:18:33.413517,,,0.28669414572124674
2024-12-27 18:18:33.450023,,,0.2701288943662201
2024-12-27 18:18:33.487022,2024-12-27 18:18:33.522058,0.035036,0.26844108758213514
2024-12-27 18:18:33.522058,,,0.26844108758213514
2024-12-27 18:18:33.557565,,,0.2923769643461013
2024-12-27 18:18:33.628612,,,0.27391082185570476
2024-12-27 18:18:33.664611,,,0.30250779419458784
2024-12-27 18:18:33.731194,,,0.26844108758213514
2024-12-27 18:18:33.766385,,,0.23028032286523342
2024-12-27 18:18:33.799561,,,0.24653558946232101
2024-12-27 18:18:33.834144,,,0.26774732981964056
2024-12-27 18:18:33.902128,,,0.2858021092095671
2024-12-27 18:18:33.935577,,,0.3088881459376629
2024-12-27 18:18:33.968579,,,0.29136820991657064
2024-12-27 18:18:34.036867,,,0.2975236699125815
2024-12-27 18:18:34.069749,,,0.31412816560525136
2024-12-27 18:18:34.103358,,,0.3128430032178382
2024-12-27 18:18:34.305444,,,0.2408315423633039
2024-12-27 18:18:34.340961,,,0.251532043373188
2024-12-27 18:18:34.375981,,,0.27452023660465985
2024-12-27 18:18:34.410963,,,0.26644541556584844
2024-12-27 18:18:34.447272,,,0.2695838572084487
2024-12-27 18:18:34.482358,,,0.24640309194829146
2024-12-27 18:18:34.516366,2024-12-27 18:18:34.589129,0.072763,0.2979267858477895
2024-12-27 18:18:34.589129,,,0.2979267858477895
2024-12-27 18:18:34.625139,,,0.2336939543407771
2024-12-27 18:18:34.661678,2024-12-27 18:18:34.697678,0.036,0.24925166641392477
2024-12-27 18:18:34.697678,,,0.24925166641392477
2024-12-27 18:18:34.733301,,,0.26996181421716936
2024-12-27 18:18:34.802308,2024-12-27 18:18:34.837791,0.035483,0.26269985120285444
2024-12-27 18:18:34.837791,,,0.26269985120285444
2024-12-27 18:18:34.874624,,,0.24777364542296082
2024-12-27 18:18:34.912646,,,0.2389127905336033
2024-12-27 18:18:34.948170,,,0.2604241658443765
2024-12-27 18:18:34.985185,,,0.3134215874062527
2024-12-27 18:18:35.024179,,,0.31318362993727655
2024-12-27 18:18:35.060692,,,0.2669714605713399
2024-12-27 18:18:35.096914,,,0.3034284124452159
2024-12-27 18:18:35.133439,,,0.2977009905422428
2024-12-27 18:18:35.173435,,,0.2931445273910661
2024-12-27 18:18:35.208435,,,0.27185344472520573
2024-12-27 18:18:35.243052,,,0.2502089019671507
2024-12-27 18:18:35.276964,2024-12-27 18:18:35.311962,0.034998,0.26322467303495334
2024-12-27 18:18:35.311962,,,0.26322467303495334
2024-12-27 18:18:35.345172,,,0.2529261537920959
2024-12-27 18:18:35.381079,,,0.2437146315849375
2024-12-27 18:18:35.416285,2024-12-27 18:18:35.449674,0.033389,0.25172027210938613
2024-12-27 18:18:35.449674,,,0.25172027210938613
2024-12-27 18:18:35.483676,,,0.2515283749291064
2024-12-27 18:18:35.517717,,,0.24497801756304172
2024-12-27 18:18:35.550275,,,0.2948874278242172
2024-12-27 18:18:35.584274,,,0.33709929311757947
2024-12-27 18:18:35.618301,2024-12-27 18:18:35.756240,0.137939,0.271780303030303
2024-12-27 18:18:35.756240,,,0.271780303030303
2024-12-27 18:18:35.790243,,,0.24950964193856734
2024-12-27 18:18:35.824750,2024-12-27 18:18:35.993424,0.168674,0.2560014186681472
2024-12-27 18:18:35.993424,,,0.2560014186681472
2024-12-27 18:18:36.028532,,,0.4212668340065755
2024-12-27 18:18:36.061154,,,0.39644950786452704
2024-12-27 18:18:36.095138,,,0.4377812120527095
2024-12-27 18:18:36.128257,,,0.42754813653129314
2024-12-27 18:18:36.160967,,,0.4200066012370165
2024-12-27 18:18:36.193951,2024-12-27 18:18:36.396958,0.203007,0.25188738546858247
2024-12-27 18:18:36.396958,,,0.25188738546858247
2024-12-27 18:18:36.430001,,,0.2469769231833852
2024-12-27 18:18:36.462813,2024-12-27 18:18:36.496386,0.033573,0.24771599263898425
2024-12-27 18:18:36.496386,,,0.24771599263898425
2024-12-27 18:18:36.530472,,,0.23284754678930653
2024-12-27 18:18:36.563830,2024-12-27 18:18:36.603723,0.039893,0.26230083705729135
2024-12-27 18:18:36.603723,,,0.26230083705729135
2024-12-27 18:18:36.648294,,,0.24197051737998448
2024-12-27 18:18:36.686274,,,0.2718558010644938
2024-12-27 18:18:36.722275,,,0.23622311147894748
