Blink Start Time,Blink End Time,Blink Duration (seconds),EAR
2024-12-20 17:42:59.851884,,,0.3116094496189764
2024-12-20 17:42:59.962496,,,0.33461086299278586
2024-12-20 17:42:59.997606,,,0.3838606309176704
2024-12-20 17:43:00.033628,,,0.3325950526188697
2024-12-20 17:43:00.069278,,,0.33296419297610147
2024-12-20 17:43:00.106357,,,0.3241941963261192
2024-12-20 17:43:00.142322,,,0.3880682104428337
2024-12-20 17:43:00.178323,,,0.33927904872128467
2024-12-20 17:43:00.214280,,,0.3508714752664975
2024-12-20 17:43:00.249141,,,0.33461086299278586
2024-12-20 17:43:00.283139,,,0.33461086299278586
2024-12-20 17:43:00.315465,,,0.35127752965945247
2024-12-20 17:43:00.348803,,,0.35127752965945247
2024-12-20 17:43:00.381802,,,0.33498365855987977
2024-12-20 17:43:00.414803,,,0.33626118821933226
2024-12-20 17:43:00.446424,,,0.3407244588402656
2024-12-20 17:43:00.480316,,,0.37238796469753555
2024-12-20 17:43:00.515330,,,0.31801251608942543
2024-12-20 17:43:00.549951,,,0.3241941963261192
2024-12-20 17:43:00.582936,,,0.3261141717931003
2024-12-20 17:43:00.616936,,,0.33588839265223835
2024-12-20 17:43:00.649709,,,0.3082953401752754
2024-12-20 17:43:00.683705,,,0.31794419632611914
2024-12-20 17:43:00.716608,,,0.2687184270936277
2024-12-20 17:43:00.747625,,,0.28669953745547005
2024-12-20 17:43:00.781540,,,0.28669953745547005
2024-12-20 17:43:00.814993,,,0.2962968592371075
2024-12-20 17:43:00.850637,,,0.3085691963261192
2024-12-20 17:43:00.884634,,,0.3550790547916608
2024-12-20 17:43:00.919617,,,0.37109731849806826
2024-12-20 17:43:00.952193,,,0.3430805738534929
2024-12-20 17:43:00.986299,,,0.3296541699351654
2024-12-20 17:43:01.022191,,,0.3397511204818725
2024-12-20 17:43:01.058711,,,0.3430805738534929
2024-12-20 17:43:01.091727,,,0.33062510001467316
2024-12-20 17:43:01.126768,,,0.3137398822764107
2024-12-20 17:43:01.162253,,,0.33062510001467316
2024-12-20 17:43:01.195251,,,0.3500740753447899
2024-12-20 17:43:01.230766,,,0.34566186625242745
2024-12-20 17:43:01.265787,,,0.32779028692674644
2024-12-20 17:43:01.303089,,,0.34566186625242745
2024-12-20 17:43:01.341598,,,0.34338485846554156
2024-12-20 17:43:01.375627,,,0.32254752630943484
2024-12-20 17:43:01.412608,,,0.3571833519772921
2024-12-20 17:43:01.456146,,,0.3121957153879513
2024-12-20 17:43:01.495162,,,0.3121957153879513
2024-12-20 17:43:01.531151,,,0.3407244588402656
2024-12-20 17:43:01.565661,,,0.3278207153879513
2024-12-20 17:43:01.600661,,,0.32261238205461795
2024-12-20 17:43:01.638680,,,0.35735421147120905
2024-12-20 17:43:01.673203,,,0.3599657915917553
2024-12-20 17:43:01.707200,,,0.3240947062093221
2024-12-20 17:43:01.741210,,,0.3137428952878386
2024-12-20 17:43:01.777438,,,0.3149797645528214
2024-12-20 17:43:01.812696,,,0.3121957153879513
2024-12-20 17:43:01.848210,,,0.29129752630943484
2024-12-20 17:43:01.882534,,,0.26666666666666666
2024-12-20 17:43:01.918535,,,0.2850852371490471
2024-12-20 17:43:01.955076,,,0.26666666666666666
2024-12-20 17:43:01.994064,,,0.26666666666666666
2024-12-20 17:43:02.030111,,,0.32291666666666663
2024-12-20 17:43:02.065867,,,0.3346145182026479
2024-12-20 17:43:02.101866,,,0.31834928673639584
2024-12-20 17:43:02.136873,,,0.3402493147343
2024-12-20 17:43:02.171416,,,0.3140471798998873
2024-12-20 17:43:02.206884,,,0.3155943597997745
2024-12-20 17:43:02.242317,,,0.3534323847749764
2024-12-20 17:43:02.278026,,,0.32779028692674644
2024-12-20 17:43:02.312833,,,0.3430805738534929
2024-12-20 17:43:02.348708,,,0.3240947062093221
2024-12-20 17:43:02.383471,,,0.3254340786025299
2024-12-20 17:43:02.417953,,,0.3346145182026479
2024-12-20 17:43:02.453602,,,0.3137398822764107
2024-12-20 17:43:02.488312,,,0.37109731849806826
2024-12-20 17:43:02.523313,,,0.3599657915917553
2024-12-20 17:43:02.558443,,,0.34616890763041164
2024-12-20 17:43:02.593404,,,0.3449064579327962
2024-12-20 17:43:02.628597,,,0.35087147526649753
2024-12-20 17:43:02.665014,,,0.3269184182365106
2024-12-20 17:43:02.698825,,,0.36159115086447613
2024-12-20 17:43:02.734792,,,0.3296541699351654
2024-12-20 17:43:02.769778,,,0.3452411710060497
2024-12-20 17:43:02.803588,,,0.3449064579327962
2024-12-20 17:43:02.839341,,,0.329988883008419
2024-12-20 17:43:02.874904,,,0.32779028692674644
2024-12-20 17:43:02.908957,,,0.3505411658690841
2024-12-20 17:43:02.943783,,,0.3554518503587547
2024-12-20 17:43:02.977726,,,0.33062510001467316
2024-12-20 17:43:03.012722,,,0.34467550466500885
2024-12-20 17:43:03.045424,,,0.3293344538152058
2024-12-20 17:43:03.079416,,,0.33062510001467316
2024-12-20 17:43:03.113829,,,0.3257007158315367
2024-12-20 17:43:03.149075,,,0.3571021755853011
2024-12-20 17:43:03.182314,,,0.3293374668266337
2024-12-20 17:43:03.218515,,,0.32748600231469777
2024-12-20 17:43:03.250194,,,0.3112934182365106
2024-12-20 17:43:03.282732,,,0.3755603631305504
2024-12-20 17:43:03.315732,,,0.36125643779122263
2024-12-20 17:43:03.351552,,,0.3296161710060497
2024-12-20 17:43:03.383597,,,0.3383728146496821
2024-12-20 17:43:03.416863,,,0.3128286506224648
2024-12-20 17:43:03.449579,,,0.3121957153879513
2024-12-20 17:43:03.481475,,,0.35867514539228806
2024-12-20 17:43:03.512475,,,0.3742697169310832
2024-12-20 17:43:03.545327,,,0.3330258472932899
2024-12-20 17:43:03.578229,,,0.3430805738534929
2024-12-20 17:43:03.611054,,,0.33062510001467316
2024-12-20 17:43:03.642585,,,0.2600852371490471
2024-12-20 17:43:03.676098,2024-12-20 17:43:03.775833,0.099735,0.2517519038157138
2024-12-20 17:43:03.775833,,,0.2517519038157138
2024-12-20 17:43:03.809833,,,0.26754852540027596
2024-12-20 17:43:03.842821,,,0.3149797645528214
2024-12-20 17:43:03.873582,,,0.313435597664362
2024-12-20 17:43:03.906581,,,0.313435597664362
2024-12-20 17:43:03.937413,,,0.3253315754743049
2024-12-20 17:43:03.970593,,,0.315287062176298
2024-12-20 17:43:04.000596,,,0.3303208154026245
2024-12-20 17:43:04.031808,,,0.33062510001467316
2024-12-20 17:43:04.063210,,,0.33242881361498033
2024-12-20 17:43:04.095315,,,0.34596615086447613
2024-12-20 17:43:04.126209,,,0.32779028692674644
2024-12-20 17:43:04.157728,,,0.3293344538152058
2024-12-20 17:43:04.190729,,,0.3284536506224648
2024-12-20 17:43:04.223744,,,0.3293344538152058
2024-12-20 17:43:04.256256,,,0.35380152513220825
2024-12-20 17:43:04.289254,,,0.34467550466500885
2024-12-20 17:43:04.321237,,,0.35580703157132176
2024-12-20 17:43:04.354786,,,0.3408239489570627
2024-12-20 17:43:04.387987,,,0.3293344538152058
2024-12-20 17:43:04.420073,,,0.3563828175311428
2024-12-20 17:43:04.453483,,,0.34596615086447613
2024-12-20 17:43:04.485503,,,0.3410417666813398
2024-12-20 17:43:04.518843,,,0.3303208154026245
2024-12-20 17:43:04.550485,,,0.36159115086447613
2024-12-20 17:43:04.581370,,,0.36159115086447613
2024-12-20 17:43:04.613370,,,0.34462474074195226
2024-12-20 17:43:04.646651,,,0.3755603631305504
2024-12-20 17:43:04.676859,,,0.3755603631305504
2024-12-20 17:43:04.707860,,,0.34437122005296017
2024-12-20 17:43:04.739967,,,0.32903016920315714
2024-12-20 17:43:04.770476,,,0.34437122005296017
2024-12-20 17:43:04.803578,,,0.35867514539228806
2024-12-20 17:43:04.836615,,,0.3391772789403783
2024-12-20 17:43:04.868161,,,0.32254752630943484
2024-12-20 17:43:04.901250,,,0.32254752630943484
2024-12-20 17:43:04.933348,,,0.33296419297610147
2024-12-20 17:43:04.965869,,,0.30168262006972923
2024-12-20 17:43:04.997172,,,0.29394707116457663
2024-12-20 17:43:05.029479,,,0.33588839265223835
2024-12-20 17:43:05.061782,,,0.3238899117140705
2024-12-20 17:43:05.093947,,,0.3258068741696238
2024-12-20 17:43:05.128782,,,0.31529007518772584
2024-12-20 17:43:05.160308,,,0.3121957153879513
2024-12-20 17:43:05.192291,,,0.32378740858584554
2024-12-20 17:43:05.224290,2024-12-20 17:43:05.361264,0.136974,0.290823215609744
2024-12-20 17:43:05.361264,,,0.290823215609744
2024-12-20 17:43:05.394774,,,0.3074898822764107
2024-12-20 17:43:05.425959,,,0.30171498977999056
2024-12-20 17:43:05.461926,,,0.3017195341054524
2024-12-20 17:43:05.497273,,,0.3238899117140705
2024-12-20 17:43:05.530361,,,0.2767149897799906
2024-12-20 17:43:05.563419,,,0.3089419918932131
2024-12-20 17:43:05.595399,,,0.3571833519772921
2024-12-20 17:43:05.628800,,,0.3293344538152058
2024-12-20 17:43:05.660202,,,0.2981148822764107
2024-12-20 17:43:05.693301,,,0.32877664851416505
2024-12-20 17:43:05.724286,,,0.313435597664362
2024-12-20 17:43:05.766386,,,0.3149797645528214
2024-12-20 17:43:05.798387,,,0.313435597664362
2024-12-20 17:43:05.831388,,,0.3015855875765739
2024-12-20 17:43:05.864128,,,0.3134559331262137
2024-12-20 17:43:05.899115,,,0.313435597664362
2024-12-20 17:43:05.933157,,,0.3300672947136324
2024-12-20 17:43:05.966647,,,0.36159115086447613
2024-12-20 17:43:06.000647,,,0.3755603631305504
2024-12-20 17:43:06.034460,,,0.37247363890403856
2024-12-20 17:43:06.070567,,,0.40186670395458424
2024-12-20 17:43:06.101379,,,0.3625470839906899
2024-12-20 17:43:06.135852,,,0.367636932679682
2024-12-20 17:43:06.170067,,,0.3768510093300177
2024-12-20 17:43:06.204980,,,0.3658065662996527
2024-12-20 17:43:06.239357,,,0.3768510093300177
2024-12-20 17:43:06.275429,,,0.38935885664230097
2024-12-20 17:43:06.311320,,,0.3866918900368634
2024-12-20 17:43:06.346344,,,0.36723087828672696
2024-12-20 17:43:06.381208,,,0.3866918900368634
2024-12-20 17:43:06.415807,,,0.3755603631305504
2024-12-20 17:43:06.451180,,,0.3742697169310832
2024-12-20 17:43:06.485478,,,0.34462474074195226
2024-12-20 17:43:06.521658,,,0.3137398822764107
2024-12-20 17:43:06.554190,,,0.3430805738534929
2024-12-20 17:43:06.589187,,,0.34596615086447613
2024-12-20 17:43:06.623686,,,0.3579271018838127
2024-12-20 17:43:06.658928,,,0.34467550466500885
2024-12-20 17:43:06.692825,,,0.3571833519772921
2024-12-20 17:43:06.727791,,,0.34467550466500885
2024-12-20 17:43:06.763268,,,0.36030050466500885
2024-12-20 17:43:06.798778,,,0.3742697169310832
2024-12-20 17:43:06.834609,,,0.3866918900368634
2024-12-20 17:43:06.870683,,,0.35580703157132176
2024-12-20 17:43:06.906980,,,0.35580703157132176
2024-12-20 17:43:06.939919,,,0.3911549346693456
2024-12-20 17:43:06.974577,,,0.3589732647251705
2024-12-20 17:43:07.005564,,,0.3615099584802147
2024-12-20 17:43:07.037841,,,0.3137398822764107
2024-12-20 17:43:07.069521,,,0.29963085964276814
2024-12-20 17:43:07.101780,,,0.31794419632611914
2024-12-20 17:43:07.132729,,,0.3241941963261192
2024-12-20 17:43:07.164257,,,0.3402493147343
2024-12-20 17:43:07.196374,,,0.3402493147343
2024-12-20 17:43:07.227364,,,0.34566186625242745
2024-12-20 17:43:07.261495,,,0.3281189375492112
2024-12-20 17:43:07.294584,,,0.34524874147396056
2024-12-20 17:43:07.328700,,,0.34371350908800635
2024-12-20 17:43:07.360212,,,0.3564489489570627
2024-12-20 17:43:07.393218,,,0.3564489489570627
2024-12-20 17:43:07.427126,,,0.36049345900368046
2024-12-20 17:43:07.459665,,,0.3439579924461158
2024-12-20 17:43:07.493758,,,0.3592178509116574
2024-12-20 17:43:07.527885,,,0.35996579159175535
2024-12-20 17:43:07.560596,,,0.35397535698906724
2024-12-20 17:43:07.592519,,,0.3840347875084122
2024-12-20 17:43:07.625544,,,0.3688599735906913
2024-12-20 17:43:07.659037,,,0.3688599735906913
2024-12-20 17:43:07.691065,,,0.3991140631426436
2024-12-20 17:43:07.723037,,,0.37143203157132176
2024-12-20 17:43:07.758960,,,0.3838606309176704
2024-12-20 17:43:07.793959,,,0.3398191963261192
2024-12-20 17:43:07.827961,,,0.3564489489570627
2024-12-20 17:43:07.862235,,,0.3688599735906913
2024-12-20 17:43:07.897219,,,0.3548022789403783
2024-12-20 17:43:07.930238,,,0.37143203157132176
2024-12-20 17:43:07.964523,,,0.3692903130052284
2024-12-20 17:43:07.998941,,,0.35397535698906724
2024-12-20 17:43:08.032927,,,0.40093335197729213
2024-12-20 17:43:08.068456,,,0.3564489489570627
2024-12-20 17:43:08.116438,,,0.38567063591816536
2024-12-20 17:43:08.150948,,,0.3564489489570627
2024-12-20 17:43:08.183964,,,0.3688599735906913
2024-12-20 17:43:08.217947,,,0.3617916756710585
2024-12-20 17:43:08.252456,,,0.37049582200044445
2024-12-20 17:43:08.286459,,,0.37463485846554156
2024-12-20 17:43:08.321460,,,0.36030050466500885
2024-12-20 17:43:08.356138,,,0.36030050466500885
2024-12-20 17:43:08.391171,,,0.37721615086447613
2024-12-20 17:43:08.426138,,,0.36030050466500885
2024-12-20 17:43:08.460669,,,0.3293648822764107
2024-12-20 17:43:08.494652,,,0.34625010001467316
2024-12-20 17:43:08.529651,,,0.3603309331262137
2024-12-20 17:43:08.564169,,,0.356164266459547
2024-12-20 17:43:08.600165,,,0.34625010001467316
2024-12-20 17:43:08.637172,,,0.367636932679682
2024-12-20 17:43:08.678707,,,0.35996579159175535
2024-12-20 17:43:08.712691,,,0.36626061227371165
2024-12-20 17:43:08.746734,,,0.3125243660104161
2024-12-20 17:43:08.780362,2024-12-20 17:43:08.912956,0.132594,0.3085691963261192
2024-12-20 17:43:08.912956,,,0.3085691963261192
2024-12-20 17:43:08.945589,,,0.3241941963261192
2024-12-20 17:43:08.979401,,,0.3085691963261192
2024-12-20 17:43:09.011492,,,0.3241941963261192
2024-12-20 17:43:09.043779,,,0.3398191963261192
2024-12-20 17:43:09.076874,,,0.3398191963261192
2024-12-20 17:43:09.110788,,,0.35397535698906724
2024-12-20 17:43:09.142787,,,0.3496308596427682
2024-12-20 17:43:09.175438,,,0.3564489489570627
2024-12-20 17:43:09.207320,,,0.36626061227371165
2024-12-20 17:43:09.240328,,,0.3408239489570627
2024-12-20 17:43:09.273045,,,0.3829272789403783
2024-12-20 17:43:09.305085,,,0.367907282290396
2024-12-20 17:43:09.337154,,,0.3692903130052284
2024-12-20 17:43:09.369783,,,0.3688599735906913
2024-12-20 17:43:09.402798,,,0.35523596353490283
2024-12-20 17:43:09.433662,,,0.3335071651901923
2024-12-20 17:43:09.466244,,,0.35490125046164933
2024-12-20 17:43:09.498988,,,0.33187131678043913
2024-12-20 17:43:09.531462,,,0.38291799510622465
2024-12-20 17:43:09.564016,,,0.3351574904167387
2024-12-20 17:43:09.595011,,,0.33296419297610147
2024-12-20 17:43:09.628022,,,0.35360011512514966
2024-12-20 17:43:09.662670,,,0.38592006563617187
2024-12-20 17:43:09.696636,,,0.3514808567468291
2024-12-20 17:43:09.726636,,,0.3828903649046551
2024-12-20 17:43:09.760251,,,0.36030050466500885
2024-12-20 17:43:09.793252,,,0.36760001864395875
2024-12-20 17:43:09.828360,,,0.3666942968682362
2024-12-20 17:43:09.862418,,,0.3414014457084189
2024-12-20 17:43:09.895446,,,0.34003283767271636
2024-12-20 17:43:09.927214,,,0.3284536506224648
2024-12-20 17:43:09.963598,,,0.3449594538152058
2024-12-20 17:43:09.999825,,,0.3408239489570627
2024-12-20 17:43:10.033827,,,0.36626061227371165
2024-12-20 17:43:10.068373,,,0.367636932679682
2024-12-20 17:43:10.103348,,,0.34959394560704493
2024-12-20 17:43:10.137367,,,0.3564489489570627
2024-12-20 17:43:10.172913,,,0.35262059123956174
2024-12-20 17:43:10.206893,,,0.3548022789403783
2024-12-20 17:43:10.242901,,,0.3564489489570627
2024-12-20 17:43:10.278046,,,0.3512406156237293
2024-12-20 17:43:10.313047,,,0.3391772789403783
2024-12-20 17:43:10.348099,,,0.367636932679682
2024-12-20 17:43:10.382380,,,0.33707965011377244
2024-12-20 17:43:10.417376,,,0.3829272789403783
2024-12-20 17:43:10.451384,,,0.38248431051170007
2024-12-20 17:43:10.486473,,,0.35127752965945247
2024-12-20 17:43:10.521866,,,0.35127752965945247
2024-12-20 17:43:10.555449,,,0.3281189375492112
2024-12-20 17:43:10.590451,,,0.3296541699351654
2024-12-20 17:43:10.626449,,,0.30976420823496537
2024-12-20 17:43:10.660998,,,0.34082321560974405
2024-12-20 17:43:10.697033,,,0.3168404985235256
2024-12-20 17:43:10.732997,,,0.33313802483296046
2024-12-20 17:43:10.767536,,,0.3303208154026245
2024-12-20 17:43:10.802553,,,0.329311886394001
2024-12-20 17:43:10.836538,,,0.34524874147396056
2024-12-20 17:43:10.871265,,,0.3253315754743049
2024-12-20 17:43:10.905279,,,0.3550921713316755
2024-12-20 17:43:10.938270,,,0.3303208154026245
2024-12-20 17:43:10.970787,,,0.33062510001467316
2024-12-20 17:43:11.002860,,,0.34566186625242745
2024-12-20 17:43:11.034860,,,0.3290809331262137
2024-12-20 17:43:11.069199,,,0.33062510001467316
2024-12-20 17:43:11.102467,,,0.33912845943564857
2024-12-20 17:43:11.135449,,,0.33912845943564857
2024-12-20 17:43:11.168161,,,0.32877664851416505
2024-12-20 17:43:11.200161,,,0.35397535698906724
2024-12-20 17:43:11.233265,,,0.33838078545027206
2024-12-20 17:43:11.266731,,,0.3668404985235256
2024-12-20 17:43:11.297733,,,0.32903016920315714
2024-12-20 17:43:11.330731,,,0.32748600231469777
2024-12-20 17:43:11.364313,,,0.3325950526188697
2024-12-20 17:43:11.396314,,,0.3399119839557981
2024-12-20 17:43:11.429330,,,0.3510102351477385
2024-12-20 17:43:11.461545,,,0.3436232793728623
2024-12-20 17:43:11.494544,,,0.3281189375492112
2024-12-20 17:43:11.528550,,,0.36626061227371165
2024-12-20 17:43:11.563173,,,0.36626061227371165
2024-12-20 17:43:11.595159,,,0.38291799510622465
2024-12-20 17:43:11.628121,,,0.367636932679682
2024-12-20 17:43:11.662876,,,0.3564489489570627
2024-12-20 17:43:11.693782,,,0.33838078545027206
2024-12-20 17:43:11.726783,2024-12-20 17:43:11.823331,0.096548,0.25445653148518677
2024-12-20 17:43:11.823331,,,0.25445653148518677
2024-12-20 17:43:11.853474,,,0.28419748227173824
2024-12-20 17:43:11.887095,,,0.2868002269290377
2024-12-20 17:43:11.919110,,,0.276923525400276
2024-12-20 17:43:11.952401,,,0.34055359934634866
2024-12-20 17:43:11.986696,,,0.3241941963261192
2024-12-20 17:43:12.019777,,,0.3281189375492112
2024-12-20 17:43:12.052880,,,0.3293648822764107
2024-12-20 17:43:12.086520,,,0.3394975997928804
2024-12-20 17:43:12.118414,,,0.3528909408502757
2024-12-20 17:43:12.151747,,,0.367636932679682
2024-12-20 17:43:12.183550,,,0.33461086299278586
2024-12-20 17:43:12.216448,,,0.36030050466500885
2024-12-20 17:43:12.248892,,,0.356164266459547
2024-12-20 17:43:12.282623,,,0.3509702660130153
2024-12-20 17:43:12.315623,,,0.3394975997928804
2024-12-20 17:43:12.349027,,,0.3230904985235256
2024-12-20 17:43:12.382693,,,0.3258068741696238
2024-12-20 17:43:12.414801,,,0.33461086299278586
2024-12-20 17:43:12.447699,,,0.33352164200698553
2024-12-20 17:43:12.479938,,,0.3232453172891314
2024-12-20 17:43:12.511404,,,0.3241565489430773
2024-12-20 17:43:12.552408,,,0.3509702660130153
2024-12-20 17:43:12.586906,,,0.3548022789403783
2024-12-20 17:43:12.621089,,,0.34959394560704493
2024-12-20 17:43:12.654542,,,0.3828903649046551
2024-12-20 17:43:12.686506,,,0.3512406156237293
2024-12-20 17:43:12.719535,,,0.34959394560704493
2024-12-20 17:43:12.752541,,,0.33461086299278586
2024-12-20 17:43:12.784054,,,0.3550921713316755
2024-12-20 17:43:12.815158,,,0.3217100849031772
2024-12-20 17:43:12.855078,,,0.33187131678043913
2024-12-20 17:43:12.889572,,,0.34959394560704493
2024-12-20 17:43:12.922573,,,0.3568145971799752
2024-12-20 17:43:12.955716,,,0.3248956425156778
2024-12-20 17:43:12.987275,,,0.3335071651901923
2024-12-20 17:43:13.020229,,,0.3283329924461158
2024-12-20 17:43:13.052543,,,0.34055359934634866
2024-12-20 17:43:13.085700,,,0.3730163444234079
2024-12-20 17:43:13.115806,,,0.3500276302015695
2024-12-20 17:43:13.157787,,,0.3241941963261192
2024-12-20 17:43:13.187792,,,0.31650827220201694
2024-12-20 17:43:13.219791,,,0.3335071651901923
2024-12-20 17:43:13.253148,,,0.3232453172891314
2024-12-20 17:43:13.284718,,,0.38264942218251624
2024-12-20 17:43:13.318181,,,0.3500276302015695
2024-12-20 17:43:13.354190,,,0.3248956425156778
2024-12-20 17:43:13.386714,,,0.29692979447162093
2024-12-20 17:43:13.416820,,,0.28710008354028493
2024-12-20 17:43:13.461473,,,0.2580899056436944
2024-12-20 17:43:13.494483,,,0.26841857048238044
2024-12-20 17:43:13.526572,,,0.31999595675308024
2024-12-20 17:43:13.559108,,,0.28504832311332395
2024-12-20 17:43:13.592111,,,0.30171498977999056
2024-12-20 17:43:13.623111,,,0.33461086299278586
2024-12-20 17:43:13.655220,,,0.33626118821933226
2024-12-20 17:43:13.693613,,,0.33461086299278586
2024-12-20 17:43:13.726977,,,0.3335071651901923
2024-12-20 17:43:13.758381,,,0.3335071651901923
2024-12-20 17:43:13.798470,,,0.3335071651901923
2024-12-20 17:43:13.833139,,,0.33352164200698553
2024-12-20 17:43:13.867659,,,0.3335071651901923
2024-12-20 17:43:13.901694,,,0.3248956425156778
2024-12-20 17:43:13.937392,,,0.3501738318568589
2024-12-20 17:43:13.972247,,,0.3666942968682362
2024-12-20 17:43:14.005359,,,0.33461086299278586
2024-12-20 17:43:14.036249,,,0.3335071651901923
2024-12-20 17:43:14.069768,,,0.3509702660130153
2024-12-20 17:43:14.105906,,,0.3335071651901923
2024-12-20 17:43:14.141905,,,0.3335071651901923
2024-12-20 17:43:14.177150,,,0.33461086299278586
2024-12-20 17:43:14.213142,,,0.3500276302015695
2024-12-20 17:43:14.247131,,,0.34959394560704493
2024-12-20 17:43:14.282264,,,0.367907282290396
2024-12-20 17:43:14.317250,,,0.3828903649046551
2024-12-20 17:43:14.352251,,,0.3500276302015695
2024-12-20 17:43:14.386808,,,0.356699504339383
2024-12-20 17:43:14.421810,,,0.367907282290396
2024-12-20 17:43:14.457816,,,0.3728083519772921
2024-12-20 17:43:14.493362,,,0.36626061227371165
2024-12-20 17:43:14.528362,,,0.356164266459547
2024-12-20 17:43:14.564874,,,0.34625010001467316
2024-12-20 17:43:14.598874,,,0.36187510001467316
2024-12-20 17:43:14.634878,,,0.3717588379983422
2024-12-20 17:43:14.671587,,,0.36030050466500885
2024-12-20 17:43:14.708588,,,0.35617859934634866
2024-12-20 17:43:14.743587,,,0.356164266459547
2024-12-20 17:43:14.782102,,,0.356164266459547
2024-12-20 17:43:14.819103,,,0.35617859934634866
2024-12-20 17:43:14.858142,,,0.3884333519772921
2024-12-20 17:43:14.894653,,,0.38564606081559577
2024-12-20 17:43:14.937677,,,0.38457394895706265
2024-12-20 17:43:14.973630,,,0.2663713543808812
2024-12-20 17:43:15.013628,2024-12-20 17:43:15.121139,0.107511,0.30127752965945254
2024-12-20 17:43:15.121139,,,0.30127752965945254
2024-12-20 17:43:15.156145,,,0.284647777028509
2024-12-20 17:43:15.191843,,,0.2923399897799906
2024-12-20 17:43:15.226841,,,0.29852092333467894
2024-12-20 17:43:15.261355,,,0.3230904985235256
2024-12-20 17:43:15.297354,,,0.3128286506224648
2024-12-20 17:43:15.335372,,,0.3241941963261192
2024-12-20 17:43:15.373648,,,0.3128286506224648
2024-12-20 17:43:15.407617,,,0.3241565489430773
2024-12-20 17:43:15.439605,,,0.3256042566680123
2024-12-20 17:43:15.471375,,,0.3128286506224648
2024-12-20 17:43:15.502633,,,0.3128286506224648
2024-12-20 17:43:15.535632,,,0.314363883008419
2024-12-20 17:43:15.569490,,,0.3152840491648701
2024-12-20 17:43:15.600480,,,0.3152840491648701
2024-12-20 17:43:15.633828,,,0.3128286506224648
2024-12-20 17:43:15.665502,,,0.3335071651901923
2024-12-20 17:43:15.699510,,,0.3526169360296997
2024-12-20 17:43:15.733483,,,0.3335071651901923
2024-12-20 17:43:15.765995,,,0.314363883008419
2024-12-20 17:43:15.798891,,,0.32478054967508563
2024-12-20 17:43:15.831993,,,0.3128286506224648
2024-12-20 17:43:15.864630,,,0.3296161710060497
2024-12-20 17:43:15.897526,,,0.34625010001467316
2024-12-20 17:43:15.930037,,,0.356164266459547
2024-12-20 17:43:15.963556,,,0.3241565489430773
2024-12-20 17:43:15.996640,,,0.356164266459547
2024-12-20 17:43:16.028556,,,0.3241565489430773
2024-12-20 17:43:16.061100,,,0.3603309331262137
2024-12-20 17:43:16.095220,,,0.36642572394452777
2024-12-20 17:43:16.128644,,,0.3128286506224648
2024-12-20 17:43:16.161040,,,0.33461086299278586
2024-12-20 17:43:16.194060,,,0.3128286506224648
2024-12-20 17:43:16.226046,,,0.314363883008419
2024-12-20 17:43:16.259056,,,0.32808093862009546
2024-12-20 17:43:16.292572,,,0.3232453172891314
2024-12-20 17:43:16.325434,,,0.34625010001467316
2024-12-20 17:43:16.357441,,,0.314363883008419
2024-12-20 17:43:16.388977,,,0.3335071651901923
2024-12-20 17:43:16.419991,,,0.3387496591127825
2024-12-20 17:43:16.451061,,,0.3717588379983422
2024-12-20 17:43:16.484536,,,0.3564177871485391
2024-12-20 17:43:16.515646,,,0.3414472163417523
2024-12-20 17:43:16.548568,,,0.33296419297610147
2024-12-20 17:43:16.582073,,,0.3512406156237293
2024-12-20 17:43:16.615182,,,0.3528909408502757
2024-12-20 17:43:16.649292,,,0.38591701053717187
2024-12-20 17:43:16.682558,,,0.33461086299278586
2024-12-20 17:43:16.716452,,,0.3512406156237293
2024-12-20 17:43:16.748457,,,0.3500276302015695
2024-12-20 17:43:16.781033,,,0.33886475195337473
2024-12-20 17:43:16.812984,,,0.3335071651901923
2024-12-20 17:43:16.845967,,,0.33352164200698553
2024-12-20 17:43:16.879539,,,0.3335071651901923
2024-12-20 17:43:16.913520,,,0.3335071651901923
2024-12-20 17:43:16.947523,,,0.3232453172891314
2024-12-20 17:43:16.981589,,,0.3335071651901923
2024-12-20 17:43:17.013588,,,0.36723087828672696
2024-12-20 17:43:17.045573,,,0.3351574904167387
2024-12-20 17:43:17.079190,,,0.36642572394452777
2024-12-20 17:43:17.110186,,,0.3335071651901923
2024-12-20 17:43:17.143079,,,0.33187131678043913
2024-12-20 17:43:17.174675,,,0.36626061227371165
2024-12-20 17:43:17.206673,,,0.35541632577944915
2024-12-20 17:43:17.238684,,,0.3347846948496448
2024-12-20 17:43:17.270396,,,0.3335071651901923
2024-12-20 17:43:17.302396,,,0.33187131678043913
2024-12-20 17:43:17.334489,,,0.34055359934634866
2024-12-20 17:43:17.366707,,,0.3447059331262137
2024-12-20 17:43:17.399706,,,0.3666942968682362
2024-12-20 17:43:17.429818,,,0.3241941963261192
2024-12-20 17:43:17.462817,,,0.27543638099820333
2024-12-20 17:43:17.496206,,,0.2663713543808812
2024-12-20 17:43:17.530125,,,0.2517519038157138
2024-12-20 17:43:17.562158,,,0.2867355623755935
2024-12-20 17:43:17.596651,,,0.3033292900864135
2024-12-20 17:43:17.631367,,,0.3013144436951757
2024-12-20 17:43:17.667061,,,0.33461086299278586
2024-12-20 17:43:17.698925,,,0.3183816564466573
2024-12-20 17:43:17.732923,,,0.3394975997928804
2024-12-20 17:43:17.762137,,,0.3228761769318996
2024-12-20 17:43:17.794438,,,0.334241722635554
2024-12-20 17:43:17.829346,,,0.3497677774639039
2024-12-20 17:43:17.861447,,,0.3335071651901923
2024-12-20 17:43:17.893378,,,0.32278621391147694
2024-12-20 17:43:17.926274,,,0.3391772789403783
2024-12-20 17:43:17.960925,,,0.3509702660130153
2024-12-20 17:43:17.997405,,,0.3335071651901923
2024-12-20 17:43:18.031557,,,0.3393423906111944
2024-12-20 17:43:18.066714,,,0.32903016920315714
2024-12-20 17:43:18.101705,,,0.3290809331262137
2024-12-20 17:43:18.136702,,,0.3125243660104161
2024-12-20 17:43:18.171749,,,0.3290809331262137
2024-12-20 17:43:18.205750,,,0.313435597664362
2024-12-20 17:43:18.241751,,,0.32808093862009546
2024-12-20 17:43:18.277266,,,0.3241941963261192
2024-12-20 17:43:18.313264,,,0.3290809331262137
2024-12-20 17:43:18.348262,,,0.3128286506224648
2024-12-20 17:43:18.385657,,,0.3128286506224648
2024-12-20 17:43:18.421666,,,0.3232453172891314
2024-12-20 17:43:18.456659,,,0.3335071651901923
2024-12-20 17:43:18.492231,,,0.33626118821933226
2024-12-20 17:43:18.527228,,,0.33961096353490283
2024-12-20 17:43:18.561388,,,0.3335071651901923
2024-12-20 17:43:18.597178,,,0.33352164200698553
2024-12-20 17:43:18.632623,,,0.33461086299278586
2024-12-20 17:43:18.668249,,,0.3232453172891314
2024-12-20 17:43:18.704486,,,0.32478054967508563
2024-12-20 17:43:18.739909,,,0.314363883008419
2024-12-20 17:43:18.774244,,,0.33514301359994547
2024-12-20 17:43:18.809273,,,0.33461086299278586
2024-12-20 17:43:18.844244,,,0.3501738318568589
2024-12-20 17:43:18.876815,,,0.3414472163417523
2024-12-20 17:43:18.911830,,,0.3232453172891314
2024-12-20 17:43:18.946584,,,0.35127752965945247
2024-12-20 17:43:18.977893,,,0.3335071651901923
2024-12-20 17:43:19.011297,,,0.3152840491648701
2024-12-20 17:43:19.044310,,,0.3335071651901923
2024-12-20 17:43:19.078835,,,0.3335071651901923
2024-12-20 17:43:19.113850,,,0.3074898822764107
2024-12-20 17:43:19.146834,2024-12-20 17:43:19.277052,0.130218,0.2663713543808812
2024-12-20 17:43:19.277052,,,0.2663713543808812
2024-12-20 17:43:19.310058,,,0.29966777367849134
2024-12-20 17:43:19.342951,,,0.30171498977999056
2024-12-20 17:43:19.376214,,,0.31798111036184235
2024-12-20 17:43:19.409230,,,0.3089375900013456
2024-12-20 17:43:19.442654,,,0.35127752965945247
2024-12-20 17:43:19.476422,,,0.3512406156237293
2024-12-20 17:43:19.509313,,,0.33626118821933226
2024-12-20 17:43:19.541425,,,0.33626118821933226
2024-12-20 17:43:19.574061,,,0.3501738318568589
2024-12-20 17:43:19.606908,,,0.3509702660130153
2024-12-20 17:43:19.639019,,,0.367907282290396
2024-12-20 17:43:19.670841,,,0.35127752965945247
2024-12-20 17:43:19.703848,,,0.34959394560704493
2024-12-20 17:43:19.735842,,,0.3512442708335914
2024-12-20 17:43:19.769036,,,0.38426668531062547
2024-12-20 17:43:19.803060,,,0.3509702660130153
2024-12-20 17:43:19.837483,,,0.3512406156237293
2024-12-20 17:43:19.873056,,,0.34959394560704493
2024-12-20 17:43:19.905647,,,0.35262059123956174
2024-12-20 17:43:19.936985,,,0.3509702660130153
2024-12-20 17:43:19.969539,,,0.35770843334800645
2024-12-20 17:43:20.001540,,,0.36760001864395875
2024-12-20 17:43:20.034542,,,0.3528909408502757
2024-12-20 17:43:20.064895,,,0.3512406156237293
2024-12-20 17:43:20.097296,,,0.35770843334800645
2024-12-20 17:43:20.129295,,,0.34003283767271636
2024-12-20 17:43:20.160300,,,0.3512406156237293
2024-12-20 17:43:20.193920,,,0.35770843334800645
2024-12-20 17:43:20.228021,,,0.3512406156237293
2024-12-20 17:43:20.260966,,,0.3335071651901923
2024-12-20 17:43:20.293483,,,0.36807367237320654
2024-12-20 17:43:20.327483,,,0.3394975997928804
2024-12-20 17:43:20.358602,,,0.3241565489430773
2024-12-20 17:43:20.390173,,,0.3394975997928804
2024-12-20 17:43:20.423286,,,0.3335071651901923
2024-12-20 17:43:20.457393,,,0.35908780885297675
2024-12-20 17:43:20.490796,,,0.367907282290396
2024-12-20 17:43:20.526898,,,0.3730494841978095
2024-12-20 17:43:20.560901,,,0.33461086299278586
2024-12-20 17:43:20.594710,,,0.3410417666813398
2024-12-20 17:43:20.626707,,,0.3512406156237293
2024-12-20 17:43:20.659163,,,0.3528909408502757
2024-12-20 17:43:20.692698,,,0.38426668531062547
2024-12-20 17:43:20.726157,,,0.33626118821933226
2024-12-20 17:43:20.759175,,,0.32478054967508563
2024-12-20 17:43:20.790839,,,0.356164266459547
2024-12-20 17:43:20.824938,,,0.3232453172891314
2024-12-20 17:43:20.859860,,,0.35770843334800645
2024-12-20 17:43:20.892636,,,0.3074898822764107
2024-12-20 17:43:20.923742,,,0.31834928673639584
2024-12-20 17:43:20.957644,,,0.2580899056436944
2024-12-20 17:43:20.991183,,,0.3074898822764107
2024-12-20 17:43:21.025211,,,0.2766763517958838
2024-12-20 17:43:21.059239,,,0.29354563596416194
2024-12-20 17:43:21.093789,,,0.3426920919078862
2024-12-20 17:43:21.129796,,,0.3257007158315367
2024-12-20 17:43:21.176784,,,0.3258068741696238
2024-12-20 17:43:21.210881,,,0.3089375900013456
2024-12-20 17:43:21.245841,,,0.3394975997928804
2024-12-20 17:43:21.280325,,,0.3335071651901923
2024-12-20 17:43:21.316321,,,0.3335071651901923
2024-12-20 17:43:21.350321,,,0.3351574904167387
2024-12-20 17:43:21.385963,,,0.3335071651901923
2024-12-20 17:43:21.421947,,,0.32643087490163203
2024-12-20 17:43:21.455847,,,0.3335071651901923
2024-12-20 17:43:21.491356,,,0.3232453172891314
2024-12-20 17:43:21.529356,,,0.33461086299278586
2024-12-20 17:43:21.565359,,,0.3351574904167387
2024-12-20 17:43:21.598868,,,0.3257007158315367
2024-12-20 17:43:21.632884,,,0.34003283767271636
2024-12-20 17:43:21.667374,,,0.3335071651901923
2024-12-20 17:43:21.703378,,,0.35262059123956174
2024-12-20 17:43:21.742381,,,0.33313802483296046
2024-12-20 17:43:21.779961,,,0.3558438862730951
2024-12-20 17:43:21.814944,,,0.3335071651901923
2024-12-20 17:43:21.849962,,,0.33313802483296046
2024-12-20 17:43:21.887459,,,0.3335071651901923
2024-12-20 17:43:21.924459,,,0.3501738318568589
2024-12-20 17:43:21.958464,,,0.367636932679682
2024-12-20 17:43:21.993508,,,0.367636932679682
2024-12-20 17:43:22.031506,,,0.367636932679682
2024-12-20 17:43:22.068765,,,0.37022724907673604
2024-12-20 17:43:22.108768,,,0.3497677774639039
2024-12-20 17:43:22.143786,,,0.37006213740591987
2024-12-20 17:43:22.178859,,,0.34853798344710574
2024-12-20 17:43:22.214862,,,0.3592178509116574
2024-12-20 17:43:22.250860,,,0.33707965011377244
2024-12-20 17:43:22.285918,,,0.32145465011377244
2024-12-20 17:43:22.320917,,,0.3714384578118902
2024-12-20 17:43:22.355923,,,0.37049582200044445
2024-12-20 17:43:22.392097,,,0.37180359934634866
2024-12-20 17:43:22.428095,,,0.35127752965945247
2024-12-20 17:43:22.463129,,,0.284647777028509
2024-12-20 17:43:22.498636,,,0.268123258196595
2024-12-20 17:43:22.532634,,,0.26841857048238044
2024-12-20 17:43:22.566639,,,0.31959452155266554
2024-12-20 17:43:22.603154,,,0.33461086299278586
2024-12-20 17:43:22.639169,,,0.3564177871485391
2024-12-20 17:43:22.675278,,,0.3564489489570627
2024-12-20 17:43:22.709278,,,0.33838078545027206
2024-12-20 17:43:22.744280,,,0.3449594538152058
2024-12-20 17:43:22.779806,,,0.32903016920315714
2024-12-20 17:43:22.813824,,,0.35613568219378655
2024-12-20 17:43:22.851028,,,0.3679441963261192
2024-12-20 17:43:22.883651,,,0.3281189375492112
2024-12-20 17:43:22.916648,,,0.3564489489570627
2024-12-20 17:43:22.949649,,,0.3241565489430773
2024-12-20 17:43:22.983297,,,0.3605844538152058
2024-12-20 17:43:23.016379,,,0.3439579924461158
2024-12-20 17:43:23.049298,,,0.3561142358838091
2024-12-20 17:43:23.082950,,,0.3452411710060497
2024-12-20 17:43:23.116443,,,0.3232453172891314
2024-12-20 17:43:23.149553,,,0.3238899117140705
2024-12-20 17:43:23.183222,,,0.33187131678043913
2024-12-20 17:43:23.215219,,,0.3335071651901923
2024-12-20 17:43:23.246237,,,0.3497590572778611
2024-12-20 17:43:23.278950,,,0.3230904985235256
2024-12-20 17:43:23.309843,,,0.34055359934634866
2024-12-20 17:43:23.349369,,,0.3335071651901923
2024-12-20 17:43:23.383118,,,0.3128286506224648
2024-12-20 17:43:23.417103,,,0.3439579924461158
2024-12-20 17:43:23.449997,,,0.3548022789403783
2024-12-20 17:43:23.482815,,,0.3728083519772921
2024-12-20 17:43:23.515817,,,0.3335071651901923
2024-12-20 17:43:23.549816,,,0.367907282290396
2024-12-20 17:43:23.583963,,,0.33461086299278586
2024-12-20 17:43:23.616330,,,0.2850852371490471
2024-12-20 17:43:23.657294,2024-12-20 17:43:23.692075,0.034781,0.2684231148078422
2024-12-20 17:43:23.692075,,,0.2684231148078422
2024-12-20 17:43:23.726072,,,0.30336531500653696
2024-12-20 17:43:23.758291,,,0.28710008354028493
2024-12-20 17:43:23.790907,,,0.2850852371490471
2024-12-20 17:43:23.823905,,,0.3120287294094614
2024-12-20 17:43:23.858126,,,0.3183816564466573
2024-12-20 17:43:23.890961,,,0.3411479250194268
2024-12-20 17:43:23.923960,,,0.3394975997928804
2024-12-20 17:43:23.954962,,,0.367636932679682
2024-12-20 17:43:23.989668,,,0.3258068741696238
2024-12-20 17:43:24.021891,,,0.3228761769318996
2024-12-20 17:43:24.053896,,,0.32478054967508563
2024-12-20 17:43:24.086423,,,0.32478054967508563
2024-12-20 17:43:24.118915,,,0.3509702660130153
2024-12-20 17:43:24.152904,,,0.34082321560974405
2024-12-20 17:43:24.186513,,,0.32378740858584554
2024-12-20 17:43:24.219495,,,0.356164266459547
2024-12-20 17:43:24.252493,,,0.3241565489430773
2024-12-20 17:43:24.293052,,,0.33313802483296046
2024-12-20 17:43:24.326052,,,0.340417161216789
2024-12-20 17:43:24.359057,,,0.32478054967508563
2024-12-20 17:43:24.390647,,,0.3564177871485391
2024-12-20 17:43:24.422614,,,0.314363883008419
2024-12-20 17:43:24.454614,,,0.34370593862009546
2024-12-20 17:43:24.488562,,,0.32478054967508563
2024-12-20 17:43:24.521557,,,0.3137398822764107
2024-12-20 17:43:24.552559,,,0.34370593862009546
2024-12-20 17:43:24.596675,,,0.32478054967508563
2024-12-20 17:43:24.631592,,,0.3410417666813398
2024-12-20 17:43:24.664746,,,0.3335071651901923
2024-12-20 17:43:24.696964,,,0.32478054967508563
2024-12-20 17:43:24.729833,,,0.3241565489430773
2024-12-20 17:43:24.761939,,,0.3743751000146731
2024-12-20 17:43:24.794562,,,0.32378740858584554
2024-12-20 17:43:24.828033,,,0.34462474074195226
2024-12-20 17:43:24.860127,,,0.329988883008419
2024-12-20 17:43:24.902479,,,0.32378740858584554
2024-12-20 17:43:24.935481,,,0.34625010001467316
2024-12-20 17:43:24.969700,,,0.35770843334800645
2024-12-20 17:43:25.004260,,,0.35730237895505146
2024-12-20 17:43:25.038450,,,0.356699504339383
2024-12-20 17:43:25.070586,,,0.3284536506224648
2024-12-20 17:43:25.104116,,,0.34625010001467316
2024-12-20 17:43:25.138409,,,0.36049345900368046
2024-12-20 17:43:25.173754,,,0.35730237895505146
2024-12-20 17:43:25.205736,,,0.3296161710060497
2024-12-20 17:43:25.236733,,,0.356699504339383
2024-12-20 17:43:25.272250,,,0.3232453172891314
2024-12-20 17:43:25.305266,,,0.32478054967508563
2024-12-20 17:43:25.338258,,,0.3564177871485391
2024-12-20 17:43:25.370465,,,0.3743751000146731
2024-12-20 17:43:25.403100,,,0.3228761769318996
2024-12-20 17:43:25.437085,,,0.3140595983963703
2024-12-20 17:43:25.467298,,,0.3257007158315367
2024-12-20 17:43:25.511427,,,0.3449594538152058
2024-12-20 17:43:25.542426,,,0.33461086299278586
2024-12-20 17:43:25.574935,,,0.3387154985235256
2024-12-20 17:43:25.606935,,,0.3399119839557981
2024-12-20 17:43:25.638915,,,0.3500276302015695
2024-12-20 17:43:25.671040,,,0.3397511204818725
2024-12-20 17:43:25.703824,,,0.3232453172891314
2024-12-20 17:43:25.737824,,,0.34370593862009546
2024-12-20 17:43:25.768828,,,0.34370593862009546
2024-12-20 17:43:25.817363,,,0.3290809331262137
2024-12-20 17:43:25.854216,,,0.35617859934634866
2024-12-20 17:43:25.888748,,,0.3230904985235256
2024-12-20 17:43:25.923730,,,0.3387496591127825
2024-12-20 17:43:25.958650,,,0.365058448458483
2024-12-20 17:43:25.994059,,,0.2535407216671507
2024-12-20 17:43:26.027934,2024-12-20 17:43:26.062533,0.034599,0.268123258196595
2024-12-20 17:43:26.062533,,,0.268123258196595
2024-12-20 17:43:26.096859,,,0.31959086634280354
2024-12-20 17:43:26.131858,,,0.3029647689217221
2024-12-20 17:43:26.166916,,,0.3183816564466573
2024-12-20 17:43:26.201782,,,0.33626118821933226
2024-12-20 17:43:26.237409,,,0.33461086299278586
2024-12-20 17:43:26.271410,,,0.3293648822764107
2024-12-20 17:43:26.307928,,,0.3241565489430773
2024-12-20 17:43:26.341927,,,0.3241565489430773
2024-12-20 17:43:26.378006,,,0.3394975997928804
2024-12-20 17:43:26.417005,,,0.3564177871485391
2024-12-20 17:43:26.453150,,,0.3394975997928804
2024-12-20 17:43:26.488733,,,0.3410417666813398
2024-12-20 17:43:26.524730,,,0.3730494841978095
2024-12-20 17:43:26.559735,,,0.3717588379983422
2024-12-20 17:43:26.595361,,,0.3717588379983422
2024-12-20 17:43:26.629245,,,0.3447059331262137
2024-12-20 17:43:26.664253,,,0.33461086299278586
2024-12-20 17:43:26.697345,,,0.3393423906111944
2024-12-20 17:43:26.730355,,,0.3335071651901923
2024-12-20 17:43:26.763329,,,0.33461086299278586
2024-12-20 17:43:26.795853,,,0.33707965011377244
2024-12-20 17:43:26.829867,,,0.3335071651901923
2024-12-20 17:43:26.861841,,,0.35617859934634866
2024-12-20 17:43:26.894365,,,0.35617859934634866
2024-12-20 17:43:26.927363,,,0.3509702660130153
2024-12-20 17:43:26.960394,,,0.367907282290396
2024-12-20 17:43:26.993901,,,0.33461086299278586
2024-12-20 17:43:27.025886,,,0.3564489489570627
2024-12-20 17:43:27.056885,,,0.36314537752849124
2024-12-20 17:43:27.092428,,,0.3335071651901923
2024-12-20 17:43:27.125428,,,0.367636932679682
2024-12-20 17:43:27.158425,,,0.367907282290396
2024-12-20 17:43:27.190938,,,0.367907282290396
2024-12-20 17:43:27.224256,,,0.3810025203856341
2024-12-20 17:43:27.254254,,,0.35262059123956174
2024-12-20 17:43:27.286817,,,0.38426668531062547
2024-12-20 17:43:27.319993,,,0.28713699757600814
2024-12-20 17:43:27.355000,,,0.26666666666666666
2024-12-20 17:43:27.388271,,,0.2801406947493625
2024-12-20 17:43:27.422258,,,0.3013827634584819
2024-12-20 17:43:27.457257,,,0.29880285824509417
2024-12-20 17:43:27.489334,,,0.31999595675308024
2024-12-20 17:43:27.522335,,,0.33461086299278586
2024-12-20 17:43:27.553334,,,0.3509702660130153
2024-12-20 17:43:27.585849,,,0.3564177871485391
2024-12-20 17:43:27.618948,,,0.3512406156237293
2024-12-20 17:43:27.653002,,,0.367636932679682
2024-12-20 17:43:27.686506,,,0.3241565489430773
