Blink Start Time,Blink End Time,Blink Duration (seconds),EAR
2024-12-24 13:04:33.747128,,,0.2885631954937611
2024-12-24 13:04:33.785132,,,0.3126515847833339
2024-12-24 13:04:33.820138,,,0.3302302382310295
2024-12-24 13:04:33.854684,,,0.2775639379451962
2024-12-24 13:04:33.892199,,,0.34039034066943225
2024-12-24 13:04:33.925392,,,0.34090855946898535
2024-12-24 13:04:33.961765,,,0.3353739149166236
2024-12-24 13:04:33.992875,,,0.33422620512171064
2024-12-24 13:04:34.024873,,,0.3451972078887858
2024-12-24 13:04:34.057913,,,0.34036286355079415
2024-12-24 13:04:34.093811,,,0.3215064100109929
2024-12-24 13:04:34.127060,,,0.3310713253914948
2024-12-24 13:04:34.160781,,,0.34447742244669227
2024-12-24 13:04:34.198751,,,0.33548995590541353
2024-12-24 13:04:34.232297,,,0.32147347621492084
2024-12-24 13:04:34.266296,,,0.3303668590528888
2024-12-24 13:04:34.299298,,,0.32054356608072665
2024-12-24 13:04:34.332052,,,0.32094278697750056
2024-12-24 13:04:34.364131,,,0.32592632023751067
2024-12-24 13:04:34.398131,,,0.3106179036898361
2024-12-24 13:04:34.431535,,,0.3215064100109929
2024-12-24 13:04:34.463556,,,0.2953175349207925
2024-12-24 13:04:34.495648,,,0.3195675159553786
2024-12-24 13:04:34.528644,,,0.2782951559821021
2024-12-24 13:04:34.562726,,,0.32173185380658104
2024-12-24 13:04:34.597720,,,0.29677370423833344
2024-12-24 13:04:34.634946,,,0.28993634908426225
2024-12-24 13:04:34.669274,2024-12-24 13:04:34.803343,0.134069,0.25318309891868385
2024-12-24 13:04:34.803343,,,0.25318309891868385
2024-12-24 13:04:34.837960,,,0.26357095290413013
2024-12-24 13:04:34.868959,,,0.2950637662700566
2024-12-24 13:04:34.901063,,,0.3017497202775543
2024-12-24 13:04:34.932698,,,0.32443988516405564
2024-12-24 13:04:34.964707,,,0.31402811432848143
2024-12-24 13:04:34.997723,,,0.3142633381443212
2024-12-24 13:04:35.031715,,,0.2914314428508269
2024-12-24 13:04:35.065448,,,0.3148411149107183
2024-12-24 13:04:35.098448,,,0.2914314428508269
2024-12-24 13:04:35.131495,,,0.3018129085291613
2024-12-24 13:04:35.163386,,,0.3001606094228507
2024-12-24 13:04:35.196388,,,0.28569394376756474
2024-12-24 13:04:35.228387,,,0.28569394376756474
2024-12-24 13:04:35.260559,,,0.3085443838959552
2024-12-24 13:04:35.294619,,,0.29281614625414193
2024-12-24 13:04:35.328563,,,0.28594771241830064
2024-12-24 13:04:35.362122,,,0.2791530487998998
2024-12-24 13:04:35.394121,,,0.27101343827969715
2024-12-24 13:04:35.426178,,,0.2651586879998328
2024-12-24 13:04:35.459689,2024-12-24 13:04:35.530707,0.071018,0.2509882418918542
2024-12-24 13:04:35.530707,,,0.2509882418918542
2024-12-24 13:04:35.566223,2024-12-24 13:04:35.601222,0.034999,0.25863926140864846
2024-12-24 13:04:35.601222,,,0.25863926140864846
2024-12-24 13:04:35.638289,2024-12-24 13:04:35.710906,0.072617,0.2583857500541897
2024-12-24 13:04:35.710906,,,0.2583857500541897
2024-12-24 13:04:35.746419,,,0.25863926140864846
2024-12-24 13:04:35.781421,2024-12-24 13:04:35.816418,0.034997,0.25830524713198594
2024-12-24 13:04:35.816418,,,0.25830524713198594
2024-12-24 13:04:35.852972,,,0.2526954097590179
2024-12-24 13:04:35.887974,2024-12-24 13:04:35.958489,0.070515,0.25863926140864846
2024-12-24 13:04:35.958489,,,0.25863926140864846
2024-12-24 13:04:35.993487,2024-12-24 13:04:36.273812,0.280325,0.29361010975735174
2024-12-24 13:04:36.273812,,,0.29361010975735174
2024-12-24 13:04:36.308925,,,0.32903016920315714
2024-12-24 13:04:36.341431,,,0.353851649869938
2024-12-24 13:04:36.374344,,,0.33795614860183754
2024-12-24 13:04:36.410323,,,0.3649592303903207
2024-12-24 13:04:36.445135,,,0.35294117647058826
2024-12-24 13:04:36.479713,,,0.3636054467008357
2024-12-24 13:04:36.514713,,,0.3783465713422786
2024-12-24 13:04:36.550227,,,0.34862041883208505
2024-12-24 13:04:36.585227,,,0.3391732446356349
2024-12-24 13:04:36.621230,,,0.353851649869938
2024-12-24 13:04:36.655740,,,0.38169314268455723
2024-12-24 13:04:36.690738,,,0.3801104916389806
2024-12-24 13:04:36.724744,,,0.35337544311092395
2024-12-24 13:04:36.759253,,,0.3584043400047603
2024-12-24 13:04:36.795282,,,0.3437911205022126
2024-12-24 13:04:36.831258,,,0.3680559485987915
2024-12-24 13:04:36.865280,,,0.35674815200849364
2024-12-24 13:04:36.900280,,,0.3570261437908497
2024-12-24 13:04:36.935825,,,0.3685321553578056
2024-12-24 13:04:36.969825,,,0.3391732446356349
2024-12-24 13:04:37.004826,,,0.3538537501235025
2024-12-24 13:04:37.038923,,,0.3440977431366602
2024-12-24 13:04:37.071923,,,0.3685342556113701
2024-12-24 13:04:37.103922,,,0.37182550607908826
2024-12-24 13:04:37.135652,,,0.3747220082176439
2024-12-24 13:04:37.182657,,,0.36822763297692246
2024-12-24 13:04:37.216656,,,0.3680559485987915
2024-12-24 13:04:37.249169,,,0.33422443532914836
2024-12-24 13:04:37.284186,,,0.34398221210855295
2024-12-24 13:04:37.317169,,,0.35506874590373527
2024-12-24 13:04:37.350702,,,0.38615991671437594
2024-12-24 13:04:37.384701,,,0.353851649869938
2024-12-24 13:04:37.416806,,,0.3827364540866591
2024-12-24 13:04:37.449598,,,0.3839514498668919
2024-12-24 13:04:37.491971,,,0.3729804470998168
2024-12-24 13:04:37.523977,,,0.37251166354315096
2024-12-24 13:04:37.559529,,,0.3766945943898969
2024-12-24 13:04:37.593509,,,0.3615406607760759
2024-12-24 13:04:37.628544,,,0.3449388302971256
2024-12-24 13:04:37.661541,,,0.3357483334970738
2024-12-24 13:04:37.694546,,,0.3547621232692877
2024-12-24 13:04:37.727551,,,0.3849916400211088
2024-12-24 13:04:37.763057,,,0.3588036254896014
2024-12-24 13:04:37.799072,,,0.35866271759642054
2024-12-24 13:04:37.832062,,,0.3564436296276105
2024-12-24 13:04:37.864640,,,0.35506874590373527
2024-12-24 13:04:37.898625,,,0.3576586254078433
2024-12-24 13:04:37.933659,,,0.3692709443790243
2024-12-24 13:04:37.968766,,,0.36822763297692246
2024-12-24 13:04:38.003939,,,0.38603495142321065
2024-12-24 13:04:38.039499,,,0.3718327529479216
2024-12-24 13:04:38.073498,,,0.37442263245202967
2024-12-24 13:04:38.108503,,,0.3541582725043856
2024-12-24 13:04:38.145033,,,0.35911295783720387
2024-12-24 13:04:38.179030,,,0.33795614860183754
2024-12-24 13:04:38.213015,,,0.36974925139160286
2024-12-24 13:04:38.247524,,,0.3526366540897051
2024-12-24 13:04:38.281903,,,0.3526366540897051
2024-12-24 13:04:38.317614,,,0.3579652480422909
2024-12-24 13:04:38.354200,,,0.3547621232692877
2024-12-24 13:04:38.390185,,,0.3440977431366602
2024-12-24 13:04:38.425391,,,0.353851649869938
2024-12-24 13:04:38.460810,,,0.35354712748905487
2024-12-24 13:04:38.495992,,,0.3588036254896014
2024-12-24 13:04:38.532995,,,0.3685342556113701
2024-12-24 13:04:38.568526,,,0.3688641548573267
2024-12-24 13:04:38.608521,,,0.3578431372549019
2024-12-24 13:04:38.643259,,,0.35233213170882205
2024-12-24 13:04:38.678267,,,0.3538537501235025
2024-12-24 13:04:38.710257,,,0.3808547316584211
2024-12-24 13:04:38.742496,,,0.3526366540897051
2024-12-24 13:04:38.774496,,,0.3302302382310295
2024-12-24 13:04:38.807494,,,0.3538537501235025
2024-12-24 13:04:38.840975,,,0.34770635278115747
2024-12-24 13:04:38.874960,,,0.3649592303903207
2024-12-24 13:04:38.906960,,,0.363666065854411
2024-12-24 13:04:38.939470,,,0.3537857882215269
2024-12-24 13:04:38.972897,,,0.363666065854411
2024-12-24 13:04:39.004959,,,0.33765162622095446
2024-12-24 13:04:39.035901,,,0.35233213170882205
2024-12-24 13:04:39.067534,,,0.3547621232692877
2024-12-24 13:04:39.100579,,,0.3481150940105996
2024-12-24 13:04:39.132587,,,0.31524311010871425
2024-12-24 13:04:39.164941,2024-12-24 13:04:39.265948,0.101007,0.2607883451364865
2024-12-24 13:04:39.265948,,,0.2607883451364865
2024-12-24 13:04:39.297249,,,0.2733380692964889
2024-12-24 13:04:39.328890,,,0.3091617343722951
2024-12-24 13:04:39.362407,,,0.3201003226244197
2024-12-24 13:04:39.394307,,,0.2945565784263705
2024-12-24 13:04:39.426422,,,0.2953200477256286
2024-12-24 13:04:39.458498,,,0.32352945454199233
2024-12-24 13:04:39.493519,,,0.33914576751699677
2024-12-24 13:04:39.527643,,,0.32589605448159653
2024-12-24 13:04:39.561161,,,0.32297112073308687
2024-12-24 13:04:39.593159,,,0.3307786438623756
2024-12-24 13:04:39.625215,,,0.3437238345168927
2024-12-24 13:04:39.658805,,,0.34288064710286287
2024-12-24 13:04:39.691805,,,0.3755303513644075
2024-12-24 13:04:39.724554,,,0.33914576751699677
2024-12-24 13:04:39.757061,,,0.32942324372913767
2024-12-24 13:04:39.789545,,,0.33049698554173
2024-12-24 13:04:39.822645,,,0.3541583152816721
2024-12-24 13:04:39.854133,,,0.31121554899372894
2024-12-24 13:04:39.888133,,,0.3303668590528888
2024-12-24 13:04:39.921185,,,0.32508635026654986
2024-12-24 13:04:39.954947,,,0.3022052566038037
2024-12-24 13:04:39.987945,,,0.3299190570970253
2024-12-24 13:04:40.021197,,,0.3194011170153957
2024-12-24 13:04:40.057766,,,0.3248046919459042
2024-12-24 13:04:40.093671,,,0.3388666220011873
2024-12-24 13:04:40.129657,,,0.32359593228441946
2024-12-24 13:04:40.166189,,,0.33067348168733646
2024-12-24 13:04:40.202171,,,0.34524545293157316
2024-12-24 13:04:40.237175,,,0.3332050577747515
2024-12-24 13:04:40.270602,,,0.34524545293157316
2024-12-24 13:04:40.306605,,,0.3464122036690186
2024-12-24 13:04:40.343114,,,0.32035870021607993
2024-12-24 13:04:40.379114,,,0.3353739149166236
2024-12-24 13:04:40.415114,,,0.3442867772667225
2024-12-24 13:04:40.451636,,,0.3451972078887858
2024-12-24 13:04:40.487633,,,0.3720096588275021
2024-12-24 13:04:40.521634,,,0.3451316916960282
2024-12-24 13:04:40.557144,,,0.3480937100273414
2024-12-24 13:04:40.593145,,,0.3353739149166236
2024-12-24 13:04:40.627151,,,0.33422443532914836
2024-12-24 13:04:40.663657,,,0.3685321553578056
2024-12-24 13:04:40.697659,,,0.33422443532914836
2024-12-24 13:04:40.732664,,,0.3451972078887858
2024-12-24 13:04:40.769190,,,0.3428327325210777
2024-12-24 13:04:40.804171,,,0.35506874590373527
2024-12-24 13:04:40.839688,,,0.3585565494110471
2024-12-24 13:04:40.875696,,,0.3449388302971256
2024-12-24 13:04:40.910695,,,0.3394839724775272
2024-12-24 13:04:40.946210,,,0.3097442717579242
2024-12-24 13:04:40.980238,,,0.3403882404158677
2024-12-24 13:04:41.015207,,,0.34402835689777583
2024-12-24 13:04:41.051758,,,0.3541582725043856
2024-12-24 13:04:41.087755,,,0.3189526128295067
2024-12-24 13:04:41.123437,,,0.3391732446356349
2024-12-24 13:04:41.156953,,,0.33396782753005044
2024-12-24 13:04:41.191951,,,0.3310713253914948
2024-12-24 13:04:41.226957,,,0.35995133528451434
2024-12-24 13:04:41.262466,,,0.3449388302971256
2024-12-24 13:04:41.297469,,,0.3449388302971256
2024-12-24 13:04:41.333491,,,0.3391732446356349
2024-12-24 13:04:41.368578,,,0.32992361559658184
2024-12-24 13:04:41.403576,,,0.3388666220011873
2024-12-24 13:04:41.438599,,,0.3455038305232334
2024-12-24 13:04:41.469852,,,0.35233213170882205
2024-12-24 13:04:41.503868,,,0.3514937206826859
2024-12-24 13:04:41.536880,,,0.3437911205022126
2024-12-24 13:04:41.570438,,,0.3449388302971256
2024-12-24 13:04:41.601420,,,0.3547621232692877
2024-12-24 13:04:41.634426,,,0.35674815200849364
2024-12-24 13:04:41.667957,,,0.3449388302971256
2024-12-24 13:04:41.698985,,,0.35233213170882205
2024-12-24 13:04:41.731978,,,0.3437238345168927
2024-12-24 13:04:41.763470,,,0.35354712748905487
2024-12-24 13:04:41.794487,,,0.3440977431366602
2024-12-24 13:04:41.827548,,,0.3547621232692877
2024-12-24 13:04:41.860055,,,0.3282755339342247
2024-12-24 13:04:41.894944,,,0.33765162622095446
2024-12-24 13:04:41.931062,,,0.35506874590373527
2024-12-24 13:04:41.962686,,,0.3563509331983914
2024-12-24 13:04:41.995683,,,0.33765162622095446
2024-12-24 13:04:42.027797,,,0.33396782753005044
2024-12-24 13:04:42.063363,,,0.34257612472197974
2024-12-24 13:04:42.094362,,,0.35354712748905487
2024-12-24 13:04:42.128385,,,0.32932247454483465
2024-12-24 13:04:42.160878,,,0.363666065854411
2024-12-24 13:04:42.193662,,,0.3538537501235025
2024-12-24 13:04:42.227666,,,0.3526366540897051
2024-12-24 13:04:42.261175,,,0.3244247772457918
2024-12-24 13:04:42.294193,,,0.3538537501235025
2024-12-24 13:04:42.326625,,,0.3290433290290251
2024-12-24 13:04:42.358293,,,0.3538537501235025
2024-12-24 13:04:42.390183,,,0.3683604709796746
2024-12-24 13:04:42.423199,,,0.3547621232692877
2024-12-24 13:04:42.454825,,,0.33940980511454244
2024-12-24 13:04:42.487276,,,0.3391732446356349
2024-12-24 13:04:42.520276,,,0.34524545293157316
2024-12-24 13:04:42.552719,,,0.3541582725043856
2024-12-24 13:04:42.585720,,,0.33940980511454244
2024-12-24 13:04:42.618831,,,0.34257612472197974
2024-12-24 13:04:42.651234,,,0.3449388302971256
2024-12-24 13:04:42.684249,,,0.3100005532134962
2024-12-24 13:04:42.716235,,,0.32934927574681705
2024-12-24 13:04:42.748768,,,0.3403882404158677
2024-12-24 13:04:42.780785,,,0.3001606094228507
2024-12-24 13:04:42.811768,,,0.3437911205022126
2024-12-24 13:04:42.844278,,,0.3400816177814201
2024-12-24 13:04:42.877661,,,0.3344795038059948
2024-12-24 13:04:42.909660,,,0.34288064710286287
2024-12-24 13:04:42.942215,,,0.28693376044768804
2024-12-24 13:04:42.974217,,,0.3097442717579242
2024-12-24 13:04:43.005339,,,0.304204426779332
2024-12-24 13:04:43.038223,,,0.30274875879358465
2024-12-24 13:04:43.071745,,,0.3254011122935525
2024-12-24 13:04:43.104943,,,0.3430805738534929
2024-12-24 13:04:43.138112,,,0.3391732446356349
2024-12-24 13:04:43.169911,,,0.3403202785138921
2024-12-24 13:04:43.202209,,,0.3109891336244619
2024-12-24 13:04:43.233562,,,0.3391732446356349
2024-12-24 13:04:43.266189,,,0.3391732446356349
2024-12-24 13:04:43.298295,,,0.33795614860183754
2024-12-24 13:04:43.331372,,,0.3186462715347276
2024-12-24 13:04:43.364882,,,0.2953200477256286
2024-12-24 13:04:43.397897,,,0.32568235806292656
2024-12-24 13:04:43.432927,,,0.344738879923861
2024-12-24 13:04:43.467857,,,0.3232502662488964
2024-12-24 13:04:43.500861,,,0.34039034066943225
2024-12-24 13:04:43.533851,,,0.3244673622826937
2024-12-24 13:04:43.566022,,,0.29702998569390543
2024-12-24 13:04:43.597013,,,0.3500740753447899
2024-12-24 13:04:43.628915,,,0.33795614860183754
2024-12-24 13:04:43.663858,,,0.32472929962667485
2024-12-24 13:04:43.696866,,,0.3001020597442947
2024-12-24 13:04:43.729870,,,0.32498558108224684
2024-12-24 13:04:43.761377,,,0.313435597664362
2024-12-24 13:04:43.794376,,,0.3045087113913807
2024-12-24 13:04:43.825379,,,0.29386387840808764
2024-12-24 13:04:43.857126,,,0.3312193597997745
2024-12-24 13:04:43.891138,,,0.3293648822764107
2024-12-24 13:04:43.921139,,,0.2768531112706861
2024-12-24 13:04:43.967799,2024-12-24 13:04:44.000896,0.033097,0.25
2024-12-24 13:04:44.000896,,,0.25
2024-12-24 13:04:44.034902,2024-12-24 13:04:44.167497,0.132595,0.2644774905672789
2024-12-24 13:04:44.167497,,,0.2644774905672789
2024-12-24 13:04:44.200471,2024-12-24 13:04:44.233462,0.032991,0.2945565784263705
2024-12-24 13:04:44.233462,,,0.2945565784263705
2024-12-24 13:04:44.266185,,,0.28078419962650447
2024-12-24 13:04:44.305181,,,0.27573660256513677
2024-12-24 13:04:44.337206,,,0.29386387840808764
2024-12-24 13:04:44.370490,,,0.32280209529070736
2024-12-24 13:04:44.405458,,,0.2981178952878386
2024-12-24 13:04:44.441447,,,0.2827971798998873
2024-12-24 13:04:44.475696,,,0.29411764705882354
2024-12-24 13:04:44.512681,,,0.29677370423833344
2024-12-24 13:04:44.547827,,,0.32204491594655077
2024-12-24 13:04:44.582827,,,0.3296721798998873
2024-12-24 13:04:44.618845,,,0.293153470293786
2024-12-24 13:04:44.657829,,,0.289231003429299
2024-12-24 13:04:44.696286,,,0.3033088235294118
2024-12-24 13:04:44.734291,,,0.304204426779332
2024-12-24 13:04:44.769801,,,0.34375
2024-12-24 13:04:44.809801,,,0.313435597664362
2024-12-24 13:04:44.851314,,,0.2955738163763645
2024-12-24 13:04:44.887333,,,0.31189143077590264
2024-12-24 13:04:44.925319,,,0.2953175349207925
2024-12-24 13:04:44.961833,,,0.3140471798998873
2024-12-24 13:04:44.999834,,,0.3183453418054223
2024-12-24 13:04:45.035839,,,0.2876838235294118
2024-12-24 13:04:45.071980,,,0.28740996737856794
2024-12-24 13:04:45.107977,,,0.2955738163763645
2024-12-24 13:04:45.142984,,,0.3186800548786759
2024-12-24 13:04:45.179277,,,0.33272058823529416
2024-12-24 13:04:45.215175,,,0.3030550548786759
2024-12-24 13:04:45.255349,,,0.33272058823529416
2024-12-24 13:04:45.299348,,,0.3117358680468466
2024-12-24 13:04:45.348866,,,0.34834558823529416
2024-12-24 13:04:45.384105,,,0.33336056036654343
2024-12-24 13:04:45.419107,,,0.348041065854411
2024-12-24 13:04:45.455269,,,0.3232502662488964
2024-12-24 13:04:45.490293,,,0.3195618857822402
2024-12-24 13:04:45.528269,,,0.359375
2024-12-24 13:04:45.566688,,,0.3336397058823529
2024-12-24 13:04:45.602687,,,0.3122261438491562
2024-12-24 13:04:45.638694,,,0.359375
2024-12-24 13:04:45.673988,,,0.375
2024-12-24 13:04:45.709987,,,0.3201337113913807
2024-12-24 13:04:45.745991,,,0.30978685679482615
2024-12-24 13:04:45.780593,,,0.31027969872930566
2024-12-24 13:04:45.815597,,,0.3195618857822402
2024-12-24 13:04:45.851134,,,0.3296721798998873
2024-12-24 13:04:45.886135,,,0.3191892168792483
2024-12-24 13:04:45.921135,,,0.34801087516204054
2024-12-24 13:04:45.956649,,,0.33559821941458556
2024-12-24 13:04:45.991645,,,0.3030550548786759
2024-12-24 13:04:46.026647,,,0.3047649928469527
2024-12-24 13:04:46.063276,,,0.304460708234904
2024-12-24 13:04:46.098294,,,0.3200552797736992
2024-12-24 13:04:46.132324,,,0.3122261438491562
2024-12-24 13:04:46.167886,2024-12-24 13:04:46.270407,0.102521,0.2962968592371075
2024-12-24 13:04:46.270407,,,0.2962968592371075
2024-12-24 13:04:46.303488,,,0.3215114490912401
2024-12-24 13:04:46.337496,,,0.31897544264295413
2024-12-24 13:04:46.370108,,,0.3449898822764107
2024-12-24 13:04:46.404115,,,0.328125
2024-12-24 13:04:46.438126,,,0.34341528692674644
2024-12-24 13:04:46.469641,,,0.34834558823529416
2024-12-24 13:04:46.501927,,,0.3180147058823529
2024-12-24 13:04:46.535971,,,0.31771042127030424
2024-12-24 13:04:46.570602,,,0.31002341727373367
2024-12-24 13:04:46.604706,,,0.328125
2024-12-24 13:04:46.638605,,,0.32779028692674644
2024-12-24 13:04:46.671469,,,0.3121957153879513
2024-12-24 13:04:46.705467,,,0.3180147058823529
2024-12-24 13:04:46.737708,,,0.3180147058823529
2024-12-24 13:04:46.771213,,,0.29386387840808764
2024-12-24 13:04:46.804213,,,0.3247465077985032
2024-12-24 13:04:46.837234,,,0.3200552797736992
2024-12-24 13:04:46.871781,,,0.3088235294117647
2024-12-24 13:04:46.905798,,,0.34062690114833977
2024-12-24 13:04:46.938785,,,0.32877664851416505
2024-12-24 13:04:46.971106,,,0.36066816453590966
2024-12-24 13:04:47.003106,,,0.3394523901514444
2024-12-24 13:04:47.038612,,,0.34375
2024-12-24 13:04:47.072289,,,0.3541582725043856
2024-12-24 13:04:47.106167,,,0.32498558108224684
2024-12-24 13:04:47.141174,,,0.3428327325210777
2024-12-24 13:04:47.175932,,,0.3295808521364949
2024-12-24 13:04:47.209827,,,0.3100005532134962
2024-12-24 13:04:47.241847,,,0.31027969872930566
2024-12-24 13:04:47.274381,,,0.30609287269428187
2024-12-24 13:04:47.306382,,,0.3176452215456548
2024-12-24 13:04:47.338239,,,0.34062690114833977
2024-12-24 13:04:47.370775,,,0.33914576751699677
2024-12-24 13:04:47.403885,,,0.32932247454483465
2024-12-24 13:04:47.437887,,,0.33765162622095446
2024-12-24 13:04:47.471087,,,0.31988975665562547
2024-12-24 13:04:47.504137,,,0.35506874590373527
2024-12-24 13:04:47.537098,,,0.32735222379913753
2024-12-24 13:04:47.569826,,,0.31121554899372894
2024-12-24 13:04:47.603829,,,0.32498558108224684
2024-12-24 13:04:47.635218,,,0.3553753685381829
2024-12-24 13:04:47.668831,,,0.3241861165133197
2024-12-24 13:04:47.702766,,,0.34524545293157316
2024-12-24 13:04:47.736833,,,0.35354712748905487
2024-12-24 13:04:47.770347,,,0.3232502662488964
2024-12-24 13:04:47.804235,,,0.3492279711958379
2024-12-24 13:04:47.836241,,,0.3360518083261076
2024-12-24 13:04:47.868632,,,0.3360518083261076
2024-12-24 13:04:47.898736,,,0.3085443838959552
2024-12-24 13:04:47.931001,,,0.31773556036654343
2024-12-24 13:04:47.963502,,,0.3232502662488964
2024-12-24 13:04:47.996501,,,0.29934760884061384
2024-12-24 13:04:48.028509,,,0.33940980511454244
2024-12-24 13:04:48.063141,,,0.29386387840808764
2024-12-24 13:04:48.096241,,,0.32014327734461756
2024-12-24 13:04:48.129142,,,0.37996963512414494
2024-12-24 13:04:48.163098,,,0.3391732446356349
2024-12-24 13:04:48.194180,,,0.33795614860183754
2024-12-24 13:04:48.226186,,,0.28693376044768804
2024-12-24 13:04:48.259717,,,0.3493015213615078
2024-12-24 13:04:48.294712,,,0.3336397058823529
2024-12-24 13:04:48.327737,2024-12-24 13:04:48.460394,0.132657,0.2966011438491562
2024-12-24 13:04:48.460394,,,0.2966011438491562
2024-12-24 13:04:48.495292,,,0.3189338235294118
2024-12-24 13:04:48.530290,,,0.3232502662488964
2024-12-24 13:04:48.564299,,,0.3330258472932899
2024-12-24 13:04:48.597413,,,0.33336056036654343
2024-12-24 13:04:48.630427,,,0.33765162622095446
2024-12-24 13:04:48.663048,,,0.3100005532134962
2024-12-24 13:04:48.696031,,,0.3088235294117647
2024-12-24 13:04:48.729186,,,0.3244652620291292
2024-12-24 13:04:48.760884,,,0.3180147058823529
2024-12-24 13:04:48.794893,,,0.3336397058823529
2024-12-24 13:04:48.827778,,,0.29411764705882354
2024-12-24 13:04:48.862842,,,0.3088235294117647
2024-12-24 13:04:48.896841,,,0.339691463435188
2024-12-24 13:04:48.929843,,,0.3088235294117647
2024-12-24 13:04:48.963501,,,0.2870692147896868
2024-12-24 13:04:48.996486,,,0.3088235294117647
2024-12-24 13:04:49.028595,,,0.32498558108224684
2024-12-24 13:04:49.062040,,,0.3541582725043856
2024-12-24 13:04:49.095273,,,0.3382352941176471
2024-12-24 13:04:49.130719,,,0.337930771736764
2024-12-24 13:04:49.166488,,,0.36397058823529416
2024-12-24 13:04:49.202388,,,0.3394523901514444
2024-12-24 13:04:49.237535,,,0.35294117647058826
2024-12-24 13:04:49.273064,,,0.3526366540897051
2024-12-24 13:04:49.308362,,,0.35294117647058826
2024-12-24 13:04:49.344366,,,0.33795614860183754
2024-12-24 13:04:49.379870,,,0.3259210187953986
2024-12-24 13:04:49.415889,,,0.3281522270332101
2024-12-24 13:04:49.451384,,,0.3157169946570261
2024-12-24 13:04:49.489412,,,0.34428673448943603
2024-12-24 13:04:49.525009,,,0.3259210187953986
2024-12-24 13:04:49.562487,,,0.3492279711958379
2024-12-24 13:04:49.597487,,,0.3428327325210777
2024-12-24 13:04:49.632488,,,0.3526366540897051
2024-12-24 13:04:49.669030,,,0.3443543509357581
2024-12-24 13:04:49.705031,,,0.38235294117647056
2024-12-24 13:04:49.740059,,,0.3553753685381829
2024-12-24 13:04:49.775293,,,0.32620267711604417
2024-12-24 13:04:49.809293,,,0.32322488938382277
2024-12-24 13:04:49.844297,,,0.35354712748905487
2024-12-24 13:04:49.879808,,,0.3391732446356349
2024-12-24 13:04:49.914807,,,0.37629316453590966
2024-12-24 13:04:49.948810,,,0.3553753685381829
2024-12-24 13:04:49.984336,,,0.353851649869938
2024-12-24 13:04:50.020344,,,0.365022964712838
2024-12-24 13:04:50.055703,,,0.3382352941176471
2024-12-24 13:04:50.091700,,,0.337930771736764
2024-12-24 13:04:50.127708,,,0.35233213170882205
2024-12-24 13:04:50.163281,,,0.3697746282566765
2024-12-24 13:04:50.197263,,,0.3538537501235025
2024-12-24 13:04:50.235266,,,0.363666065854411
2024-12-24 13:04:50.270479,,,0.36822763297692246
2024-12-24 13:04:50.306478,,,0.3492279711958379
2024-12-24 13:04:50.340486,,,0.3538537501235025
2024-12-24 13:04:50.378994,,,0.40969538823224805
2024-12-24 13:04:50.418992,,,0.34288064710286287
2024-12-24 13:04:50.454556,,,0.35019021054736177
2024-12-24 13:04:50.486556,,,0.39022943000433674
2024-12-24 13:04:50.519556,,,0.37956156712251143
2024-12-24 13:04:50.553125,,,0.363666065854411
2024-12-24 13:04:50.585215,,,0.3697746282566765
2024-12-24 13:04:50.618214,,,0.3284313725490196
2024-12-24 13:04:50.653020,,,0.3492279711958379
2024-12-24 13:04:50.687032,,,0.3391478677705613
2024-12-24 13:04:50.720033,,,0.3526366540897051
2024-12-24 13:04:50.752655,,,0.337930771736764
2024-12-24 13:04:50.785656,,,0.31773556036654343
2024-12-24 13:04:50.818670,,,0.3526366540897051
2024-12-24 13:04:50.851186,,,0.35233213170882205
2024-12-24 13:04:50.885797,,,0.3800037679349896
2024-12-24 13:04:50.919815,,,0.3247465077985032
2024-12-24 13:04:50.954412,,,0.353851649869938
2024-12-24 13:04:50.988395,,,0.35294117647058826
2024-12-24 13:04:51.023410,,,0.36869217370390406
2024-12-24 13:04:51.056933,,,0.3819976650654403
2024-12-24 13:04:51.091935,,,0.3797215854686099
2024-12-24 13:04:51.125952,,,0.337930771736764
2024-12-24 13:04:51.170465,,,0.3645159201001854
2024-12-24 13:04:51.203451,,,0.353851649869938
2024-12-24 13:04:51.238482,,,0.3541582725043856
2024-12-24 13:04:51.271993,,,0.35233213170882205
2024-12-24 13:04:51.307994,,,0.3391732446356349
2024-12-24 13:04:51.346190,,,0.3382352941176471
2024-12-24 13:04:51.381703,,,0.3526366540897051
2024-12-24 13:04:51.421716,,,0.3394523901514444
2024-12-24 13:04:51.460218,,,0.3403882404158677
2024-12-24 13:04:51.499218,,,0.3382352941176471
2024-12-24 13:04:51.533218,,,0.3235294117647059
2024-12-24 13:04:51.569455,,,0.32322488938382277
2024-12-24 13:04:51.607457,,,0.35294117647058826
2024-12-24 13:04:51.646974,,,0.34036286355079415
2024-12-24 13:04:51.686520,,,0.3492647058823529
2024-12-24 13:04:51.722519,,,0.3235294117647059
2024-12-24 13:04:51.758926,,,0.3232502662488964
2024-12-24 13:04:51.793943,,,0.3382352941176471
2024-12-24 13:04:51.828944,,,0.32498558108224684
2024-12-24 13:04:51.862489,,,0.32498558108224684
2024-12-24 13:04:51.897513,,,0.3553753685381829
2024-12-24 13:04:51.934155,,,0.3394523901514444
2024-12-24 13:04:51.973691,,,0.337930771736764
2024-12-24 13:04:52.014220,,,0.35294117647058826
2024-12-24 13:04:52.052755,,,0.3394523901514444
2024-12-24 13:04:52.087373,,,0.33137794802594245
2024-12-24 13:04:52.122011,,,0.32322488938382277
2024-12-24 13:04:52.157460,,,0.33765162622095446
2024-12-24 13:04:52.188701,,,0.3541582725043856
2024-12-24 13:04:52.220941,,,0.29411764705882354
2024-12-24 13:04:52.253730,,,0.32470392276160126
2024-12-24 13:04:52.290034,,,0.3232502662488964
2024-12-24 13:04:52.325933,,,0.3295808521364949
2024-12-24 13:04:52.357659,,,0.3146165921918935
2024-12-24 13:04:52.389656,,,0.3382352941176471
2024-12-24 13:04:52.421656,,,0.3303978456005472
2024-12-24 13:04:52.454250,,,0.36020971287617454
2024-12-24 13:04:52.488249,,,0.3590602332886993
2024-12-24 13:04:52.520249,,,0.358243239824647
2024-12-24 13:04:52.552761,,,0.35294117647058826
2024-12-24 13:04:52.584867,,,0.3443543509357581
2024-12-24 13:04:52.616782,,,0.38748302337710666
2024-12-24 13:04:52.650824,,,0.3333333333333333
2024-12-24 13:04:52.683402,,,0.3431372549019608
2024-12-24 13:04:52.716007,,,0.36886415485732676
2024-12-24 13:04:52.748064,,,0.35801319673342574
2024-12-24 13:04:52.779954,,,0.3440477283013105
2024-12-24 13:04:52.814333,,,0.3570261437908497
2024-12-24 13:04:52.847204,,,0.3578431372549019
2024-12-24 13:04:52.880251,,,0.3472222222222222
2024-12-24 13:04:52.915002,,,0.37173202614379086
2024-12-24 13:04:52.947464,,,0.37173202614379086
2024-12-24 13:04:52.981697,,,0.3443543509357581
2024-12-24 13:04:53.016105,,,0.3431372549019608
2024-12-24 13:04:53.049110,,,0.386437908496732
2024-12-24 13:04:53.081919,,,0.38357003721026794
2024-12-24 13:04:53.115009,,,0.3235294117647059
2024-12-24 13:04:53.148018,,,0.3526366540897051
2024-12-24 13:04:53.181585,,,0.36886415485732676
2024-12-24 13:04:53.215569,,,0.3541582725043856
2024-12-24 13:04:53.249611,,,0.3431372549019608
2024-12-24 13:04:53.282373,,,0.3541582725043856
2024-12-24 13:04:53.315721,,,0.34398221210855295
2024-12-24 13:04:53.348237,,,0.32924836601307195
2024-12-24 13:04:53.380761,,,0.35294117647058826
2024-12-24 13:04:53.413776,,,0.35354712748905487
2024-12-24 13:04:53.447764,,,0.35294117647058826
2024-12-24 13:04:53.482381,,,0.3541582725043856
2024-12-24 13:04:53.517264,,,0.3541582725043856
2024-12-24 13:04:53.557016,,,0.3688641548573267
2024-12-24 13:04:53.592928,,,0.35294117647058826
2024-12-24 13:04:53.628594,,,0.3543973457881292
2024-12-24 13:04:53.663893,,,0.36886415485732676
2024-12-24 13:04:53.698362,,,0.3541582725043856
2024-12-24 13:04:53.737317,,,0.3856209150326797
2024-12-24 13:04:53.776113,,,0.36886415485732676
2024-12-24 13:04:53.811814,,,0.3479297636695431
2024-12-24 13:04:53.845404,,,0.32498558108224684
2024-12-24 13:04:53.881187,,,0.38357003721026794
2024-12-24 13:04:53.916189,,,0.3579366171901994
2024-12-24 13:04:53.956821,,,0.35233213170882205
2024-12-24 13:04:53.994763,,,0.3529411764705882
2024-12-24 13:04:54.030767,,,0.3310370214540358
2024-12-24 13:04:54.065616,,,0.3541582725043856
2024-12-24 13:04:54.100925,,,0.353851649869938
2024-12-24 13:04:54.136700,,,0.3541582725043856
2024-12-24 13:04:54.172834,,,0.3451972078887858
2024-12-24 13:04:54.207549,,,0.3553753685381829
2024-12-24 13:04:54.242380,,,0.3205939240319197
2024-12-24 13:04:54.278577,,,0.3382352941176471
2024-12-24 13:04:54.314108,,,0.3394523901514444
2024-12-24 13:04:54.353007,,,0.3685575322228791
2024-12-24 13:04:54.388516,,,0.33795614860183754
2024-12-24 13:04:54.422519,,,0.3543973457881292
2024-12-24 13:04:54.467607,,,0.3235294117647059
2024-12-24 13:04:54.503626,,,0.3541582725043856
2024-12-24 13:04:54.538608,,,0.32988754186656055
2024-12-24 13:04:54.573816,,,0.3394523901514444
2024-12-24 13:04:54.609833,,,0.3830409764675422
2024-12-24 13:04:54.643824,,,0.33795614860183754
2024-12-24 13:04:54.679329,,,0.35294117647058826
2024-12-24 13:04:54.714329,,,0.3428327325210777
2024-12-24 13:04:54.749335,,,0.3541582725043856
2024-12-24 13:04:54.787879,,,0.27941176470588236
2024-12-24 13:04:54.825878,2024-12-24 13:04:54.861388,0.03551,0.2651077161595173
2024-12-24 13:04:54.861388,,,0.2651077161595173
2024-12-24 13:04:54.896389,,,0.29411764705882354
2024-12-24 13:04:54.931406,,,0.3232502662488964
2024-12-24 13:04:54.967917,,,0.34889956434789454
2024-12-24 13:04:55.001903,,,0.35506874590373527
2024-12-24 13:04:55.035918,,,0.34770635278115747
2024-12-24 13:04:55.067641,,,0.3541582725043856
2024-12-24 13:04:55.100640,,,0.337930771736764
2024-12-24 13:04:55.134896,,,0.33940980511454244
2024-12-24 13:04:55.167405,,,0.3538537501235025
2024-12-24 13:04:55.200409,,,0.32596360383230055
2024-12-24 13:04:55.234408,,,0.3088235294117647
2024-12-24 13:04:55.268980,,,0.3382352941176471
2024-12-24 13:04:55.302966,,,0.35294117647058826
2024-12-24 13:04:55.336077,,,0.3382352941176471
2024-12-24 13:04:55.369990,,,0.3526366540897051
2024-12-24 13:04:55.402990,,,0.3382352941176471
2024-12-24 13:04:55.435009,,,0.3505578704182626
2024-12-24 13:04:55.466515,,,0.3295808521364949
2024-12-24 13:04:55.498516,,,0.3492647058823529
2024-12-24 13:04:55.533514,,,0.36518768426909143
2024-12-24 13:04:55.568051,,,0.3492647058823529
2024-12-24 13:04:55.601035,,,0.34090855946898535
2024-12-24 13:04:55.634035,,,0.3024422502122057
2024-12-24 13:04:55.666651,,,0.32498558108224684
2024-12-24 13:04:55.698548,,,0.2998366013071896
2024-12-24 13:04:55.732564,,,0.36518768426909143
2024-12-24 13:04:55.764075,,,0.3382352941176471
2024-12-24 13:04:55.798062,,,0.3088235294117647
2024-12-24 13:04:55.831061,,,0.31027969872930566
2024-12-24 13:04:55.865618,,,0.31027969872930566
2024-12-24 13:04:55.898616,,,0.2919604979236764
2024-12-24 13:04:55.931617,,,0.3030045389173631
2024-12-24 13:04:55.964257,,,0.2953200477256286
2024-12-24 13:04:55.997156,,,0.2806116525678513
2024-12-24 13:04:56.031169,,,0.280968372902465
2024-12-24 13:04:56.064731,,,0.3186800548786759
2024-12-24 13:04:56.097730,,,0.3033088235294118
2024-12-24 13:04:56.132684,,,0.3033088235294118
2024-12-24 13:04:56.167343,,,0.3235294117647059
2024-12-24 13:04:56.199341,,,0.3047649928469527
2024-12-24 13:04:56.231956,,,0.3186800548786759
2024-12-24 13:04:56.264671,,,0.32327564311397
2024-12-24 13:04:56.297671,,,0.3235294117647059
2024-12-24 13:04:56.331584,,,0.3180147058823529
2024-12-24 13:04:56.365095,,,0.3088235294117647
2024-12-24 13:04:56.398214,,,0.29386387840808764
2024-12-24 13:04:56.431301,,,0.35294117647058826
2024-12-24 13:04:56.464818,,,0.3492647058823529
2024-12-24 13:04:56.499814,,,0.35294117647058826
2024-12-24 13:04:56.531708,,,0.35294117647058826
2024-12-24 13:04:56.564923,,,0.33272058823529416
2024-12-24 13:04:56.598037,,,0.3636054467008357
2024-12-24 13:04:56.631033,,,0.3394523901514444
2024-12-24 13:04:56.663467,,,0.3336397058823529
2024-12-24 13:04:56.695492,,,0.34834558823529416
2024-12-24 13:04:56.728465,,,0.3492647058823529
2024-12-24 13:04:56.761059,,,0.3507208751998939
2024-12-24 13:04:56.793042,,,0.3652637527712038
2024-12-24 13:04:56.826057,,,0.3382352941176471
2024-12-24 13:04:56.858551,,,0.34375
2024-12-24 13:04:56.891859,,,0.35294117647058826
2024-12-24 13:04:56.924689,,,0.3203899928469527
2024-12-24 13:04:56.960699,,,0.32498558108224684
2024-12-24 13:04:56.992698,,,0.33272058823529416
2024-12-24 13:04:57.026697,,,0.3382352941176471
2024-12-24 13:04:57.059411,,,0.32327564311397
2024-12-24 13:04:57.092678,,,0.3278207153879513
2024-12-24 13:04:57.126672,,,0.3343050548786759
2024-12-24 13:04:57.158341,,,0.29411764705882354
2024-12-24 13:04:57.191458,,,0.3278207153879513
2024-12-24 13:04:57.223348,,,0.3033088235294118
2024-12-24 13:04:57.263652,2024-12-24 13:04:57.298652,0.035,0.25735294117647056
2024-12-24 13:04:57.298652,,,0.25735294117647056
2024-12-24 13:04:57.332652,,,0.29411764705882354
2024-12-24 13:04:57.365324,,,0.3125
2024-12-24 13:04:57.397925,,,0.3125
2024-12-24 13:04:57.430361,,,0.3033088235294118
2024-12-24 13:04:57.464090,,,0.2904133180237891
2024-12-24 13:04:57.497075,,,0.3033088235294118
2024-12-24 13:04:57.528075,,,0.304856003429299
2024-12-24 13:04:57.568997,,,0.27544423872341667
2024-12-24 13:04:57.601999,,,0.25
2024-12-24 13:04:57.634026,,,0.29106351824722865
2024-12-24 13:04:57.668622,,,0.2953200477256286
2024-12-24 13:04:57.701531,,,0.30631217274684
2024-12-24 13:04:57.734618,,,0.2806370294329249
2024-12-24 13:04:57.768028,,,0.30978685679482615
2024-12-24 13:04:57.803130,,,0.2874300548786759
2024-12-24 13:04:57.838125,,,0.2661620516704821
2024-12-24 13:04:57.875777,,,0.29677370423833344
2024-12-24 13:04:57.909888,,,0.3088235294117647
2024-12-24 13:04:57.943777,,,0.3030045389173631
2024-12-24 13:04:57.979299,,,0.2953175349207925
2024-12-24 13:04:58.015295,,,0.29138699034134063
2024-12-24 13:04:58.052304,,,0.304856003429299
2024-12-24 13:04:58.086858,,,0.3125
2024-12-24 13:04:58.121860,,,0.306055891291268
2024-12-24 13:04:58.161373,,,0.29411764705882354
2024-12-24 13:04:58.198372,,,0.27941176470588236
2024-12-24 13:04:58.242374,,,0.29411764705882354
2024-12-24 13:04:58.278914,,,0.28860294117647056
2024-12-24 13:04:58.316888,,,0.28984282345288126
2024-12-24 13:04:58.354329,,,0.3045087113913807
2024-12-24 13:04:58.397819,,,0.3140471798998873
2024-12-24 13:04:58.435818,,,0.3000414206881145
2024-12-24 13:04:58.472374,,,0.3296721798998873
2024-12-24 13:04:58.507372,,,0.3045487058058225
2024-12-24 13:04:58.545375,,,0.27918337292022005
2024-12-24 13:04:58.582930,,,0.2826783108707418
2024-12-24 13:04:58.622991,,,0.32291666666666663
2024-12-24 13:04:58.663505,,,0.3278207153879513
2024-12-24 13:04:58.705503,,,0.3125
2024-12-24 13:04:58.750549,,,0.3033088235294118
2024-12-24 13:04:58.788100,,,0.2876838235294118
2024-12-24 13:04:58.823534,,,0.29411764705882354
2024-12-24 13:04:58.859790,,,0.2807532595386279
2024-12-24 13:04:58.897284,,,0.3088235294117647
2024-12-24 13:04:58.934284,,,0.3033088235294118
2024-12-24 13:04:58.975699,,,0.3121957153879513
2024-12-24 13:04:59.010748,,,0.2876838235294118
2024-12-24 13:04:59.045741,,,0.2885228713023916
2024-12-24 13:04:59.086922,,,0.29411764705882354
2024-12-24 13:04:59.123590,,,0.2806116525678513
2024-12-24 13:04:59.160100,,,0.2651077161595173
2024-12-24 13:04:59.197105,,,0.26730509771063704
2024-12-24 13:04:59.233140,2024-12-24 13:04:59.423999,0.190859,0.25971496723761966
2024-12-24 13:04:59.423999,,,0.25971496723761966
2024-12-24 13:04:59.459002,,,0.25960244056456433
2024-12-24 13:04:59.493529,,,0.3125
2024-12-24 13:04:59.526529,,,0.3033088235294118
2024-12-24 13:04:59.560516,,,0.2644774905672789
2024-12-24 13:04:59.592954,,,0.3218461621644937
2024-12-24 13:04:59.626942,,,0.29106351824722865
2024-12-24 13:04:59.657944,,,0.3200552797736992
2024-12-24 13:04:59.692340,,,0.26424909878161656
2024-12-24 13:04:59.727337,,,0.27941176470588236
2024-12-24 13:04:59.759447,,,0.3030045389173631
2024-12-24 13:04:59.792065,,,0.3030045389173631
2024-12-24 13:04:59.827957,,,0.29677119143349734
2024-12-24 13:04:59.861071,,,0.3309090491648701
2024-12-24 13:04:59.894798,,,0.31683122906475736
2024-12-24 13:04:59.927059,,,0.31189143077590264
2024-12-24 13:04:59.960184,,,0.3030550548786759
2024-12-24 13:04:59.992327,,,0.3185991104561582
2024-12-24 13:05:00.027619,,,0.3030045389173631
2024-12-24 13:05:00.063137,,,0.29411764705882354
2024-12-24 13:05:00.102136,,,0.3121957153879513
2024-12-24 13:05:00.139170,,,0.29386387840808764
2024-12-24 13:05:00.178177,,,0.3121957153879513
2024-12-24 13:05:00.215179,,,0.28740996737856794
2024-12-24 13:05:00.249181,,,0.28992172929069554
2024-12-24 13:05:00.284690,,,0.3121957153879513
2024-12-24 13:05:00.318797,,,0.2548428943868285
2024-12-24 13:05:00.353741,,,0.30609287269428187
2024-12-24 13:05:00.388243,,,0.3060048751233634
2024-12-24 13:05:00.423243,,,0.28270397911202716
2024-12-24 13:05:00.459272,,,0.265625
2024-12-24 13:05:00.494640,,,0.2754031510587993
2024-12-24 13:05:00.531640,,,0.28740996737856794
2024-12-24 13:05:00.566283,,,0.30754904201182276
2024-12-24 13:05:00.602281,,,0.3074610444409044
2024-12-24 13:05:00.641437,,,0.3100005532134962
2024-12-24 13:05:00.675837,,,0.2955738163763645
2024-12-24 13:05:00.709837,,,0.31698052519562925
2024-12-24 13:05:00.743821,,,0.3418865822190391
2024-12-24 13:05:00.778381,,,0.29386387840808764
2024-12-24 13:05:00.816377,,,0.29702998569390543
2024-12-24 13:05:00.850368,,,0.28594771241830064
2024-12-24 13:05:00.883722,,,0.3336397058823529
2024-12-24 13:05:00.916720,,,0.32498558108224684
2024-12-24 13:05:00.950740,,,0.2953200477256286
2024-12-24 13:05:00.985310,,,0.29386387840808764
2024-12-24 13:05:01.019306,,,0.3247465077985032
2024-12-24 13:05:01.053515,,,0.29677119143349734
2024-12-24 13:05:01.090060,,,0.3077683420643809
2024-12-24 13:05:01.127047,,,0.2808679340234233
2024-12-24 13:05:01.161227,,,0.28209319875046585
2024-12-24 13:05:01.194262,,,0.3192545881587636
2024-12-24 13:05:01.228264,,,0.31524311010871425
2024-12-24 13:05:01.262209,,,0.3097442717579242
2024-12-24 13:05:01.295216,,,0.34899699898062475
2024-12-24 13:05:01.327215,,,0.3117358680468466
2024-12-24 13:05:01.360220,,,0.33940980511454244
2024-12-24 13:05:01.393097,,,0.311505982182521
2024-12-24 13:05:01.426247,,,0.34066948618524173
2024-12-24 13:05:01.458379,,,0.32297112073308687
2024-12-24 13:05:01.492648,,,0.29702998569390543
2024-12-24 13:05:01.525735,,,0.3195618857822402
2024-12-24 13:05:01.558686,,,0.31004062544556205
2024-12-24 13:05:01.593198,,,0.32049773604666354
2024-12-24 13:05:01.626197,,,0.304856003429299
2024-12-24 13:05:01.660211,,,0.2955738163763645
2024-12-24 13:05:01.694337,,,0.30158944503566515
2024-12-24 13:05:01.728439,,,0.2955738163763645
2024-12-24 13:05:01.761163,,,0.30266804164685246
2024-12-24 13:05:01.794673,,,0.339691463435188
2024-12-24 13:05:01.827184,,,0.34398221210855295
2024-12-24 13:05:01.860368,,,0.3351868857822402
2024-12-24 13:05:01.894375,,,0.35294117647058826
2024-12-24 13:05:01.927358,,,0.34801087516204054
2024-12-24 13:05:01.960381,,,0.32498558108224684
2024-12-24 13:05:01.993910,,,0.32498558108224684
2024-12-24 13:05:02.029924,,,0.3099980404086601
2024-12-24 13:05:02.062708,,,0.3189338235294118
2024-12-24 13:05:02.096496,,,0.31027969872930566
2024-12-24 13:05:02.129500,,,0.3107638888888889
2024-12-24 13:05:02.162479,,,0.3261999576776651
2024-12-24 13:05:02.195103,,,0.30202886579336385
2024-12-24 13:05:02.229122,,,0.32498558108224684
2024-12-24 13:05:02.263654,,,0.29386387840808764
