Blink Start Time,Blink End Time,Blink Duration (seconds),EAR
2024-12-24 13:38:02.904991,,,0.3225545065820585
2024-12-24 13:38:02.995638,,,0.3456924210345108
2024-12-24 13:38:03.035126,,,0.3272216085886832
2024-12-24 13:38:03.068778,,,0.31002725362291095
2024-12-24 13:38:03.104354,,,0.3210806495339678
2024-12-24 13:38:03.136675,,,0.3270183477210568
2024-12-24 13:38:03.171718,,,0.31946713798225884
2024-12-24 13:38:03.203710,,,0.33314468962073956
2024-12-24 13:38:03.237750,,,0.319137009007029
2024-12-24 13:38:03.268780,,,0.3301901781769955
2024-12-24 13:38:03.302027,,,0.3301901781769955
2024-12-24 13:38:03.335257,,,0.31897291313139486
2024-12-24 13:38:03.368133,,,0.34167674359071987
2024-12-24 13:38:03.401585,,,0.3487836022005848
2024-12-24 13:38:03.435502,,,0.3577164184083355
2024-12-24 13:38:03.468042,,,0.3502097594673199
2024-12-24 13:38:03.501106,,,0.318017722306184
2024-12-24 13:38:03.534042,,,0.34083752444551596
2024-12-24 13:38:03.569044,,,0.336286913092239
2024-12-24 13:38:03.602801,,,0.3366938618927664
2024-12-24 13:38:03.637799,,,0.35925636041447306
2024-12-24 13:38:03.672335,,,0.31897291313139486
2024-12-24 13:38:03.720333,,,0.3303542740526296
2024-12-24 13:38:03.753450,,,0.32868133704499713
2024-12-24 13:38:03.786202,,,0.3178536264305499
2024-12-24 13:38:03.818215,,,0.3603230555738292
2024-12-24 13:38:03.853246,,,0.341717910416266
2024-12-24 13:38:03.885109,,,0.33642119049638886
2024-12-24 13:38:03.920344,,,0.35723433691993534
2024-12-24 13:38:03.952270,,,0.3530815467799024
2024-12-24 13:38:03.987879,,,0.33861752848754856
2024-12-24 13:38:04.019876,,,0.3415517508093112
2024-12-24 13:38:04.051781,,,0.3267127665827866
2024-12-24 13:38:04.084289,,,0.3379300316283872
2024-12-24 13:38:04.117290,,,0.33774138791579345
2024-12-24 13:38:04.149394,,,0.31897291313139486
2024-12-24 13:38:04.182014,,,0.35378902119238587
2024-12-24 13:38:04.216013,,,0.33050064537066537
2024-12-24 13:38:04.248624,,,0.341542093406658
2024-12-24 13:38:04.283038,,,0.3342670474551644
2024-12-24 13:38:04.317035,,,0.3303542740526296
2024-12-24 13:38:04.349323,2024-12-24 13:38:04.547512,0.198189,0.25060725150044927
2024-12-24 13:38:04.547512,,,0.25060725150044927
2024-12-24 13:38:04.582109,,,0.2868402208677728
2024-12-24 13:38:04.616025,,,0.29225147627902814
2024-12-24 13:38:04.649005,,,0.3045180778490405
2024-12-24 13:38:04.682510,,,0.29658875314533606
2024-12-24 13:38:04.716926,,,0.2852251167816997
2024-12-24 13:38:04.753390,,,0.31064974467729656
2024-12-24 13:38:04.787917,,,0.3342670474551644
2024-12-24 13:38:04.822907,,,0.32634238536993726
2024-12-24 13:38:04.857907,,,0.29658875314533606
2024-12-24 13:38:04.894039,,,0.3149787490063009
2024-12-24 13:38:04.929592,,,0.33342862414500957
2024-12-24 13:38:04.964129,,,0.3173643687896823
2024-12-24 13:38:04.999131,,,0.3288454329206313
2024-12-24 13:38:05.035129,,,0.32584905553465393
2024-12-24 13:38:05.069177,,,0.3460137747670669
2024-12-24 13:38:05.105183,,,0.3339897773932422
2024-12-24 13:38:05.140174,,,0.3444873406704206
2024-12-24 13:38:05.176245,,,0.35157270564790405
2024-12-24 13:38:05.211244,,,0.3506092423261443
2024-12-24 13:38:05.246244,,,0.34983479353314917
2024-12-24 13:38:05.281341,,,0.37537059579947113
2024-12-24 13:38:05.317362,,,0.36161814455989083
2024-12-24 13:38:05.352355,,,0.3611652899185821
2024-12-24 13:38:05.388867,,,0.37288166656481214
2024-12-24 13:38:05.427886,,,0.34928380267441017
2024-12-24 13:38:05.464384,,,0.35447081475400155
2024-12-24 13:38:05.500384,,,0.33407840374257064
2024-12-24 13:38:05.535486,,,0.33619464054392945
2024-12-24 13:38:05.570581,,,0.34523809523809523
2024-12-24 13:38:05.605563,,,0.319137009007029
2024-12-24 13:38:05.640561,,,0.3380549262430432
2024-12-24 13:38:05.675614,,,0.3303542740526296
2024-12-24 13:38:05.710616,,,0.3615483808668482
2024-12-24 13:38:05.745618,,,0.35958523049567326
2024-12-24 13:38:05.792227,,,0.3611652899185821
2024-12-24 13:38:05.828229,,,0.3491472966739878
2024-12-24 13:38:05.864772,,,0.33843801719130934
2024-12-24 13:38:05.898775,,,0.3266912898794068
2024-12-24 13:38:05.934771,,,0.34906382847678974
2024-12-24 13:38:05.970344,,,0.328306467421804
2024-12-24 13:38:06.005354,,,0.341717910416266
2024-12-24 13:38:06.041328,,,0.3530815467799024
2024-12-24 13:38:06.076844,,,0.3342670474551644
2024-12-24 13:38:06.111862,,,0.3191436422077137
2024-12-24 13:38:06.146949,,,0.30777337264339266
2024-12-24 13:38:06.178685,,,0.33258257876565867
2024-12-24 13:38:06.211584,,,0.3222375552967861
2024-12-24 13:38:06.245949,,,0.3339897773932422
2024-12-24 13:38:06.278589,,,0.33483582277259305
2024-12-24 13:38:06.312580,,,0.32171227223730564
2024-12-24 13:38:06.344535,,,0.3225545065820585
2024-12-24 13:38:06.377177,,,0.32340436299600744
2024-12-24 13:38:06.410161,,,0.3215736765319121
2024-12-24 13:38:06.444695,,,0.33323616939781775
2024-12-24 13:38:06.479301,,,0.32321095064196737
2024-12-24 13:38:06.512379,,,0.25063724051689995
2024-12-24 13:38:06.548272,2024-12-24 13:38:06.683310,0.135038,0.26175654184486685
2024-12-24 13:38:06.683310,,,0.26175654184486685
2024-12-24 13:38:06.717719,,,0.26770696877727646
2024-12-24 13:38:06.750769,,,0.2803982817982359
2024-12-24 13:38:06.784277,,,0.27338547874003766
2024-12-24 13:38:06.818277,,,0.27320755994243706
2024-12-24 13:38:06.850265,,,0.2795950705399937
2024-12-24 13:38:06.884790,,,0.2843276637599528
2024-12-24 13:38:06.919788,,,0.2803982817982359
2024-12-24 13:38:06.955839,,,0.3215736765319121
2024-12-24 13:38:06.993456,,,0.3080031788661105
2024-12-24 13:38:07.029355,,,0.3079523895089724
2024-12-24 13:38:07.063969,,,0.30361511264266455
2024-12-24 13:38:07.098981,,,0.32236228555040247
2024-12-24 13:38:07.132974,,,0.31413651466154807
2024-12-24 13:38:07.168499,,,0.3144854191710176
2024-12-24 13:38:07.202601,,,0.296592615516065
2024-12-24 13:38:07.235602,,,0.3143939393939394
2024-12-24 13:38:07.270030,,,0.2940999111883623
2024-12-24 13:38:07.307129,,,0.3266912898794068
2024-12-24 13:38:07.341032,,,0.32492003356267296
2024-12-24 13:38:07.376548,,,0.308759978280171
2024-12-24 13:38:07.412568,,,0.30426949367685874
2024-12-24 13:38:07.448552,,,0.3156578041478857
2024-12-24 13:38:07.485077,,,0.31897291313139486
2024-12-24 13:38:07.521082,,,0.32484272531426694
2024-12-24 13:38:07.564143,,,0.2991114246489702
2024-12-24 13:38:07.597165,,,0.30681672573087615
2024-12-24 13:38:07.633256,,,0.3183327368361728
2024-12-24 13:38:07.666670,,,0.3143330444293573
2024-12-24 13:38:07.701670,,,0.3104774289433522
2024-12-24 13:38:07.734787,,,0.3148080046780247
2024-12-24 13:38:07.767187,,,0.3189796400048841
2024-12-24 13:38:07.799192,,,0.30327631597565496
2024-12-24 13:38:07.833189,,,0.345969691096433
2024-12-24 13:38:07.864748,,,0.3027728782979117
2024-12-24 13:38:07.897772,,,0.3154779232888331
2024-12-24 13:38:07.931751,,,0.33407840374257064
2024-12-24 13:38:07.965268,,,0.31533950337213623
2024-12-24 13:38:07.998551,,,0.3340841105980701
2024-12-24 13:38:08.032551,,,0.319137009007029
2024-12-24 13:38:08.068112,,,0.307015768580858
2024-12-24 13:38:08.100205,,,0.3183327368361728
2024-12-24 13:38:08.131782,,,0.3266912898794068
2024-12-24 13:38:08.164395,,,0.33787910923343517
2024-12-24 13:38:08.199403,,,0.3266912898794068
2024-12-24 13:38:08.231445,,,0.3369453951116041
2024-12-24 13:38:08.264917,,,0.3334248131104115
2024-12-24 13:38:08.297023,,,0.32236871629721453
2024-12-24 13:38:08.330923,,,0.32218711638870834
2024-12-24 13:38:08.363231,,,0.3181592520398955
2024-12-24 13:38:08.399771,,,0.3183327368361728
2024-12-24 13:38:08.433849,,,0.31897291313139486
2024-12-24 13:38:08.468443,,,0.31832334791552963
2024-12-24 13:38:08.502444,,,0.32652719400377267
2024-12-24 13:38:08.536489,,,0.32634238536993726
2024-12-24 13:38:08.569759,,,0.29658875314533606
2024-12-24 13:38:08.601865,,,0.29643637840367576
2024-12-24 13:38:08.635880,,,0.319137009007029
2024-12-24 13:38:08.669349,,,0.32584905553465393
2024-12-24 13:38:08.703350,,,0.30777337264339266
2024-12-24 13:38:08.736333,,,0.31411028631626425
2024-12-24 13:38:08.768904,,,0.30361511264266455
2024-12-24 13:38:08.801009,,,0.3215736765319121
2024-12-24 13:38:08.832905,,,0.29578448097447985
2024-12-24 13:38:08.866265,,,0.2948478600463653
2024-12-24 13:38:08.900758,,,0.3199445977782276
2024-12-24 13:38:08.933631,,,0.3342670474551644
2024-12-24 13:38:08.966193,,,0.3069597115518933
2024-12-24 13:38:09.000502,,,0.31411028631626425
2024-12-24 13:38:09.034131,,,0.32755881196213754
2024-12-24 13:38:09.067734,,,0.2516625142365295
2024-12-24 13:38:09.099926,2024-12-24 13:38:09.277043,0.177117,0.25653599614301836
2024-12-24 13:38:09.277043,,,0.25653599614301836
2024-12-24 13:38:09.313043,,,0.269175299042286
2024-12-24 13:38:09.348043,,,0.2794174517480895
2024-12-24 13:38:09.383557,,,0.28053893540592234
2024-12-24 13:38:09.418557,,,0.2987449827725347
2024-12-24 13:38:09.453561,,,0.29225147627902814
2024-12-24 13:38:09.489098,,,0.26888046255680115
2024-12-24 13:38:09.524074,,,0.2914092419342753
2024-12-24 13:38:09.559080,,,0.30361511264266455
2024-12-24 13:38:09.598290,,,0.2806565244596423
2024-12-24 13:38:09.632343,,,0.29225147627902814
2024-12-24 13:38:09.668446,,,0.30719559009491193
2024-12-24 13:38:09.702591,,,0.2919025717695587
2024-12-24 13:38:09.736696,,,0.2852251167816997
2024-12-24 13:38:09.771565,,,0.2978864225269669
2024-12-24 13:38:09.804442,,,0.2987494209402243
2024-12-24 13:38:09.841762,,,0.3017920482477653
2024-12-24 13:38:09.875414,,,0.3089437397923572
2024-12-24 13:38:09.909398,,,0.2976024581115937
2024-12-24 13:38:09.945396,,,0.3149787490063009
2024-12-24 13:38:09.979529,,,0.29225147627902814
2024-12-24 13:38:10.015531,,,0.29109936051131646
2024-12-24 13:38:10.049444,,,0.3258991054912872
2024-12-24 13:38:10.085444,,,0.30719559009491193
2024-12-24 13:38:10.121605,,,0.31064974467729656
2024-12-24 13:38:10.155629,,,0.3156173930500204
2024-12-24 13:38:10.190916,,,0.30190910775772517
2024-12-24 13:38:10.224917,,,0.29790274842778186
2024-12-24 13:38:10.259944,,,0.3026342825925182
2024-12-24 13:38:10.295437,,,0.2958319537312756
2024-12-24 13:38:10.329435,,,0.30719559009491193
2024-12-24 13:38:10.364439,,,0.30719559009491193
2024-12-24 13:38:10.400568,,,0.2959037363986602
2024-12-24 13:38:10.434568,,,0.3036233851799681
2024-12-24 13:38:10.474086,,,0.29658875314533606
2024-12-24 13:38:10.512083,,,0.30858096141459124
2024-12-24 13:38:10.546083,,,0.32325988502575825
2024-12-24 13:38:10.580644,,,0.2983368252153781
2024-12-24 13:38:10.615627,,,0.29270389149304216
2024-12-24 13:38:10.650625,,,0.29109936051131646
2024-12-24 13:38:10.683142,,,0.3024629968749528
2024-12-24 13:38:10.718141,,,0.2797357241476801
2024-12-24 13:38:10.753239,,,0.2949718771736243
2024-12-24 13:38:10.786876,,,0.284704195910658
2024-12-24 13:38:10.818979,,,0.29643637840367576
2024-12-24 13:38:10.852879,,,0.29643637840367576
2024-12-24 13:38:10.886505,,,0.284704195910658
2024-12-24 13:38:10.919506,,,0.2731999059393352
2024-12-24 13:38:10.954411,,,0.27955810535577585
2024-12-24 13:38:10.987053,,,0.2797357241476801
2024-12-24 13:38:11.019938,,,0.284704195910658
2024-12-24 13:38:11.056801,,,0.31832334791552963
2024-12-24 13:38:11.089386,,,0.2724087003219857
2024-12-24 13:38:11.122392,,,0.3147713476706695
2024-12-24 13:38:11.155773,,,0.31383948844563364
2024-12-24 13:38:11.189681,,,0.29606783227429434
2024-12-24 13:38:11.221697,,,0.3100387544507104
2024-12-24 13:38:11.254684,,,0.3225320892713728
2024-12-24 13:38:11.286929,,,0.2964392707036991
2024-12-24 13:38:11.317944,,,0.2803982817982359
2024-12-24 13:38:11.361294,,,0.28326380117667904
2024-12-24 13:38:11.393805,,,0.29109936051131646
2024-12-24 13:38:11.426652,,,0.25063724051689995
2024-12-24 13:38:11.460806,2024-12-24 13:38:11.729682,0.268876,0.2509005338816278
2024-12-24 13:38:11.729682,,,0.2509005338816278
2024-12-24 13:38:11.762689,,,0.26226417024526416
2024-12-24 13:38:11.796238,,,0.2870324418994288
2024-12-24 13:38:11.829300,,,0.284704195910658
2024-12-24 13:38:11.862284,,,0.2837723366856221
2024-12-24 13:38:11.895796,,,0.2983368252153781
2024-12-24 13:38:11.926797,,,0.274044359654372
2024-12-24 13:38:11.969526,,,0.319137009007029
2024-12-24 13:38:12.001532,,,0.3100387544507104
2024-12-24 13:38:12.034532,,,0.2959867374706924
2024-12-24 13:38:12.068132,,,0.29225147627902814
2024-12-24 13:38:12.101586,,,0.2958319537312756
2024-12-24 13:38:12.134484,,,0.2733405595470216
2024-12-24 13:38:12.167491,,,0.2805340037771496
2024-12-24 13:38:12.198908,,,0.29658875314533606
2024-12-24 13:38:12.234200,,,0.3079523895089724
2024-12-24 13:38:12.273102,,,0.29606783227429434
2024-12-24 13:38:12.308176,,,0.2852251167816997
2024-12-24 13:38:12.342012,,,0.29658875314533606
2024-12-24 13:38:12.375862,,,0.29583114908280134
2024-12-24 13:38:12.410257,,,0.3079523895089724
2024-12-24 13:38:12.443495,,,0.3079523895089724
2024-12-24 13:38:12.475145,,,0.28428849585358523
2024-12-24 13:38:12.507145,,,0.2967677700109158
2024-12-24 13:38:12.540145,,,0.28540413364727946
2024-12-24 13:38:12.574372,,,0.30361511264266455
2024-12-24 13:38:12.606356,,,0.30175673301606487
2024-12-24 13:38:12.639357,,,0.3027466499526279
2024-12-24 13:38:12.671872,,,0.3027466499526279
2024-12-24 13:38:12.705872,,,0.2966387378539999
2024-12-24 13:38:12.737907,,,0.3106951985106193
2024-12-24 13:38:12.771461,,,0.3225320892713728
2024-12-24 13:38:12.804444,,,0.2845518211689977
2024-12-24 13:38:12.836444,,,0.32737275329997295
2024-12-24 13:38:12.867471,,,0.3142415646522791
2024-12-24 13:38:12.908931,,,0.30626373086987607
2024-12-24 13:38:12.942933,,,0.3114063518680988
2024-12-24 13:38:12.976690,,,0.30621149641000167
2024-12-24 13:38:13.008746,,,0.2947477197645794
2024-12-24 13:38:13.042115,,,0.3070314942192778
2024-12-24 13:38:13.073800,,,0.30719559009491193
2024-12-24 13:38:13.110059,,,0.29606783227429434
2024-12-24 13:38:13.142014,,,0.2733405595470216
2024-12-24 13:38:13.176850,,,0.29606783227429434
2024-12-24 13:38:13.215851,,,0.284704195910658
2024-12-24 13:38:13.248866,,,0.28053893540592234
2024-12-24 13:38:13.282466,,,0.2844683173676392
2024-12-24 13:38:13.315903,,,0.29658875314533606
2024-12-24 13:38:13.348886,,,0.2958319537312756
2024-12-24 13:38:13.382408,,,0.31837940494449435
2024-12-24 13:38:13.418404,,,0.3008663827426843
2024-12-24 13:38:13.455423,,,0.2956795789896153
2024-12-24 13:38:13.489965,,,0.308953642236826
2024-12-24 13:38:13.526964,,,0.2964597209884202
2024-12-24 13:38:13.560950,,,0.31397116435279215
2024-12-24 13:38:13.596461,,,0.3080031788661105
2024-12-24 13:38:13.632460,,,0.30367556963412223
2024-12-24 13:38:13.668469,,,0.329686984279166
2024-12-24 13:38:13.706978,,,0.3079523895089724
2024-12-24 13:38:13.750980,,,0.30448963522940276
2024-12-24 13:38:13.792301,,,0.3095675670513696
2024-12-24 13:38:13.830299,,,0.2844683173676392
2024-12-24 13:38:13.868309,,,0.2915569286644116
2024-12-24 13:38:13.904482,,,0.31458270395807575
2024-12-24 13:38:13.943480,,,0.327591196249989
2024-12-24 13:38:13.983995,,,0.29606783227429434
2024-12-24 13:38:14.023992,,,0.3080031788661105
2024-12-24 13:38:14.059002,,,0.3149787490063009
2024-12-24 13:38:14.095511,,,0.2975753587821144
2024-12-24 13:38:14.134511,,,0.31572546385866146
2024-12-24 13:38:14.168515,,,0.30105107026341016
2024-12-24 13:38:14.204676,,,0.30719559009491193
2024-12-24 13:38:14.242677,,,0.30719559009491193
2024-12-24 13:38:14.287004,,,0.3035577760043669
2024-12-24 13:38:14.331004,,,0.3079523895089724
2024-12-24 13:38:14.366008,,,0.31413651466154807
2024-12-24 13:38:14.401516,,,0.32618139709238414
2024-12-24 13:38:14.437516,,,0.3010353934615416
2024-12-24 13:38:14.472696,,,0.30023112129068535
2024-12-24 13:38:14.509086,,,0.3111481592648724
2024-12-24 13:38:14.543086,,,0.3018078696774707
2024-12-24 13:38:14.578637,,,0.3176273672335124
2024-12-24 13:38:14.614625,,,0.30719559009491193
2024-12-24 13:38:14.651624,2024-12-24 13:38:14.977808,0.326184,0.25048902045700483
2024-12-24 13:38:14.977808,,,0.25048902045700483
2024-12-24 13:38:15.012812,,,0.26187522921375495
2024-12-24 13:38:15.048828,,,0.2746357080068979
2024-12-24 13:38:15.083871,,,0.2795950705399937
2024-12-24 13:38:15.115882,,,0.29094698576965616
2024-12-24 13:38:15.148962,,,0.28044342822838597
2024-12-24 13:38:15.181307,,,0.2844683173676392
2024-12-24 13:38:15.217295,,,0.2980242461054312
2024-12-24 13:38:15.250608,,,0.2919470920789816
2024-12-24 13:38:15.283285,,,0.29677243703011896
2024-12-24 13:38:15.318252,,,0.3191309366867282
2024-12-24 13:38:15.351648,,,0.3234124757800786
2024-12-24 13:38:15.387316,,,0.3069597115518933
2024-12-24 13:38:15.419302,,,0.3107665502050959
2024-12-24 13:38:15.453301,,,0.28552040875566403
2024-12-24 13:38:15.486056,,,0.2987620346424965
2024-12-24 13:38:15.520056,,,0.30978128198725996
2024-12-24 13:38:15.556765,,,0.2925569528037529
2024-12-24 13:38:15.590343,,,0.31533950337213623
2024-12-24 13:38:15.622447,,,0.2958319537312756
2024-12-24 13:38:15.656359,,,0.3063954067770346
2024-12-24 13:38:15.689856,,,0.3149787490063009
2024-12-24 13:38:15.723858,,,0.31088479983006134
2024-12-24 13:38:15.756872,,,0.30985011073811664
2024-12-24 13:38:15.791470,,,0.31411028631626425
2024-12-24 13:38:15.825372,,,0.31411028631626425
2024-12-24 13:38:15.858681,,,0.29109936051131646
2024-12-24 13:38:15.892302,,,0.31411028631626425
2024-12-24 13:38:15.925193,,,0.3341793787126842
2024-12-24 13:38:15.958206,,,0.3175231645976522
2024-12-24 13:38:15.992355,,,0.3214285714285714
2024-12-24 13:38:16.025770,,,0.32509892217340974
2024-12-24 13:38:16.059901,,,0.3117308452094122
2024-12-24 13:38:16.093408,,,0.3225320892713728
2024-12-24 13:38:16.126408,,,0.32575757575757575
2024-12-24 13:38:16.159434,,,0.3266912898794068
2024-12-24 13:38:16.192392,,,0.3097539441145708
2024-12-24 13:38:16.226400,,,0.30719559009491193
2024-12-24 13:38:16.260410,,,0.31832334791552963
2024-12-24 13:38:16.293123,,,0.30978128198725996
2024-12-24 13:38:16.326231,,,0.32575757575757575
2024-12-24 13:38:16.359275,,,0.3225545065820585
2024-12-24 13:38:16.393139,,,0.3357969178415583
2024-12-24 13:38:16.426145,,,0.30076851740137756
2024-12-24 13:38:16.459109,,,0.3350254240920351
2024-12-24 13:38:16.492600,,,0.33314468962073956
2024-12-24 13:38:16.525697,,,0.33314468962073956
2024-12-24 13:38:16.558596,,,0.3333333333333333
2024-12-24 13:38:16.591104,,,0.3164634384293713
2024-12-24 13:38:16.625108,,,0.32051294745686676
2024-12-24 13:38:16.657105,,,0.31832334791552963
2024-12-24 13:38:16.688617,,,0.31832334791552963
2024-12-24 13:38:16.722116,,,0.3333333333333333
2024-12-24 13:38:16.756600,,,0.32575757575757575
2024-12-24 13:38:16.789134,,,0.3333333333333333
2024-12-24 13:38:16.823231,,,0.3255934798819416
2024-12-24 13:38:16.858439,,,0.3031021122575609
2024-12-24 13:38:16.889953,,,0.3191309366867282
2024-12-24 13:38:16.922952,,,0.327591196249989
2024-12-24 13:38:16.957002,,,0.3027466499526279
2024-12-24 13:38:16.991672,,,0.30229890099931866
2024-12-24 13:38:17.026674,,,0.2974258479936075
2024-12-24 13:38:17.060696,,,0.2956795789896153
2024-12-24 13:38:17.094754,,,0.2845518211689977
2024-12-24 13:38:17.127762,,,0.3139461904406301
2024-12-24 13:38:17.161782,,,0.2845518211689977
2024-12-24 13:38:17.194428,,,0.30864500577098675
2024-12-24 13:38:17.229817,,,0.2967104921745146
2024-12-24 13:38:17.262824,,,0.2862980901729899
2024-12-24 13:38:17.296330,,,0.2837723366856221
2024-12-24 13:38:17.330330,,,0.31161259558444676
2024-12-24 13:38:17.364356,,,0.2988630332138892
2024-12-24 13:38:17.397947,,,0.2917178890002813
2024-12-24 13:38:17.431842,,,0.28721449885902256
2024-12-24 13:38:17.465469,,,0.284704195910658
2024-12-24 13:38:17.498862,,,0.2797357241476801
2024-12-24 13:38:17.531861,,,0.29109936051131646
2024-12-24 13:38:17.564970,,,0.3024629968749528
2024-12-24 13:38:17.597818,,,0.2919025717695587
2024-12-24 13:38:17.630863,,,0.3100387544507104
2024-12-24 13:38:17.664828,,,0.31411028631626425
2024-12-24 13:38:17.698642,,,0.3040737969043936
2024-12-24 13:38:17.730645,,,0.29606783227429434
2024-12-24 13:38:17.764629,,,0.30407817441735
2024-12-24 13:38:17.796200,,,0.3024629968749528
2024-12-24 13:38:17.828206,,,0.2981339925459485
2024-12-24 13:38:17.864204,,,0.2856446792095013
2024-12-24 13:38:17.898781,,,0.298382947553313
2024-12-24 13:38:17.929759,,,0.2928474325813585
2024-12-24 13:38:17.961769,,,0.3024629968749528
2024-12-24 13:38:17.994335,,,0.3024629968749528
2024-12-24 13:38:18.029789,,,0.3024629968749528
2024-12-24 13:38:18.065807,,,0.31382663323858917
2024-12-24 13:38:18.101318,,,0.28053893540592234
2024-12-24 13:38:18.136318,,,0.30719559009491193
2024-12-24 13:38:18.172319,,,0.28883905334845195
2024-12-24 13:38:18.206680,,,0.2816406774895512
2024-12-24 13:38:18.241956,,,0.3350254240920351
2024-12-24 13:38:18.276462,,,0.3070314942192778
2024-12-24 13:38:18.312450,,,0.31832334791552963
2024-12-24 13:38:18.349451,,,0.32575757575757575
2024-12-24 13:38:18.389003,,,0.31832334791552963
2024-12-24 13:38:18.425002,,,0.32575757575757575
2024-12-24 13:38:18.460017,,,0.31572546385866146
2024-12-24 13:38:18.495559,,,0.31832334791552963
2024-12-24 13:38:18.530545,,,0.3199385254579268
2024-12-24 13:38:18.568122,,,0.32655554955119603
2024-12-24 13:38:18.603148,,,0.3199385254579268
2024-12-24 13:38:18.636148,,,0.3088107676373091
2024-12-24 13:38:18.670150,,,0.31832334791552963
2024-12-24 13:38:18.705494,,,0.3069597115518933
2024-12-24 13:38:18.739495,,,0.3216860438920218
2024-12-24 13:38:18.772411,,,0.3027466499526279
2024-12-24 13:38:18.806016,,,0.306807336810233
2024-12-24 13:38:18.840685,,,0.32575757575757575
2024-12-24 13:38:18.874457,,,0.29648633476546976
2024-12-24 13:38:18.910418,,,0.3181592520398955
2024-12-24 13:38:18.945136,,,0.31832334791552963
2024-12-24 13:38:18.981970,,,0.2956795789896153
2024-12-24 13:38:19.017264,,,0.2956795789896153
2024-12-24 13:38:19.056990,,,0.3139461904406301
2024-12-24 13:38:19.092573,,,0.27935346313536746
2024-12-24 13:38:19.128554,,,0.30000258819803555
2024-12-24 13:38:19.164012,,,0.2899970875820703
2024-12-24 13:38:19.199741,,,0.31411028631626425
2024-12-24 13:38:19.234794,,,0.29109936051131646
2024-12-24 13:38:19.269297,,,0.2956795789896153
2024-12-24 13:38:19.311187,,,0.3258991054912872
2024-12-24 13:38:19.345612,,,0.29173882794529
2024-12-24 13:38:19.390108,,,0.284704195910658
2024-12-24 13:38:19.427055,,,0.2837419778146272
2024-12-24 13:38:19.463144,,,0.2958319537312756
2024-12-24 13:38:19.497672,,,0.2956795789896153
2024-12-24 13:38:19.533822,,,0.2845518211689977
2024-12-24 13:38:19.566989,,,0.28540413364727946
2024-12-24 13:38:19.600812,,,0.3077468500383707
2024-12-24 13:38:19.634914,,,0.2862980901729899
2024-12-24 13:38:19.667831,,,0.2956795789896153
2024-12-24 13:38:19.701424,,,0.2999653061431353
2024-12-24 13:38:19.734428,,,0.2933928995860072
2024-12-24 13:38:19.767498,,,0.28552040875566403
2024-12-24 13:38:19.799895,,,0.2752215261447084
2024-12-24 13:38:19.833896,,,0.2927240961631259
2024-12-24 13:38:19.868942,,,0.2826881027189259
2024-12-24 13:38:19.904008,,,0.2845518211689977
2024-12-24 13:38:19.938784,,,0.29173882794529
2024-12-24 13:38:19.970797,,,0.2981339925459485
2024-12-24 13:38:20.004319,,,0.29161595258846873
2024-12-24 13:38:20.037304,,,0.28442671771981626
2024-12-24 13:38:20.073329,,,0.2991192607637845
2024-12-24 13:38:20.109841,2024-12-24 13:38:20.320920,0.211079,0.2569168149162016
2024-12-24 13:38:20.320920,,,0.2569168149162016
2024-12-24 13:38:20.357928,,,0.2574962533809447
2024-12-24 13:38:20.400887,,,0.2751276799946669
2024-12-24 13:38:20.436887,,,0.2870516890603008
2024-12-24 13:38:20.474914,,,0.2862292306411866
2024-12-24 13:38:20.514440,,,0.2981339925459485
2024-12-24 13:38:20.555427,,,0.2843963588488213
2024-12-24 13:38:20.591984,,,0.29190694928251504
2024-12-24 13:38:20.631970,,,0.29365064383960066
2024-12-24 13:38:20.669971,,,0.2915636587835958
2024-12-24 13:38:20.704638,,,0.28551178468185656
2024-12-24 13:38:20.744639,,,0.2871522057173215
2024-12-24 13:38:20.778461,,,0.29758002580131754
2024-12-24 13:38:20.813382,,,0.29758002580131754
2024-12-24 13:38:20.848367,,,0.2964597209884202
2024-12-24 13:38:20.883641,,,0.29254781181350464
2024-12-24 13:38:20.919680,,,0.31383948844563364
2024-12-24 13:38:20.958641,,,0.2966481665762817
2024-12-24 13:38:21.005738,,,0.29677243703011896
2024-12-24 13:38:21.040311,,,0.3052994516763645
2024-12-24 13:38:21.076371,,,0.3087077836219352
2024-12-24 13:38:21.111006,,,0.3214285714285714
2024-12-24 13:38:21.145339,,,0.2853585769448521
2024-12-24 13:38:21.180176,,,0.2965396388452014
2024-12-24 13:38:21.216397,,,0.30776730032309185
2024-12-24 13:38:21.249507,,,0.29638546103749136
2024-12-24 13:38:21.284037,,,0.2966481665762817
2024-12-24 13:38:21.319164,,,0.2980332744065866
2024-12-24 13:38:21.351150,,,0.2946391920334991
2024-12-24 13:38:21.386144,,,0.2836199619439618
2024-12-24 13:38:21.418723,,,0.32478054967508563
2024-12-24 13:38:21.453204,,,0.3245919059624919
2024-12-24 13:38:21.488455,,,0.3150483204281336
2024-12-24 13:38:21.519601,,,0.3088107676373091
2024-12-24 13:38:21.556451,,,0.3333333333333333
2024-12-24 13:38:21.590140,,,0.3017595573791776
2024-12-24 13:38:21.622251,,,0.3043405442149599
2024-12-24 13:38:21.657154,,,0.307015768580858
2024-12-24 13:38:21.690738,,,0.3142415646522791
2024-12-24 13:38:21.723738,,,0.3070314942192778
2024-12-24 13:38:21.760138,,,0.2845518211689977
2024-12-24 13:38:21.793502,,,0.308759978280171
2024-12-24 13:38:21.827518,,,0.3149787490063009
2024-12-24 13:38:21.860503,,,0.3312020474628481
2024-12-24 13:38:21.894218,,,0.3264002356577961
2024-12-24 13:38:21.928527,,,0.31520152816513797
2024-12-24 13:38:21.962820,,,0.3139943435865253
2024-12-24 13:38:21.995950,,,0.30776730032309185
2024-12-24 13:38:22.031030,,,0.30206640244803024
2024-12-24 13:38:22.063927,,,0.32125340226687726
2024-12-24 13:38:22.097368,,,0.31062732736661086
2024-12-24 13:38:22.131387,,,0.30960611282556577
2024-12-24 13:38:22.164484,,,0.3142415646522791
2024-12-24 13:38:22.198655,,,0.32762553737934397
2024-12-24 13:38:22.231747,,,0.3143939393939394
2024-12-24 13:38:22.264656,,,0.3069597115518933
2024-12-24 13:38:22.297159,,,0.3087077836219352
2024-12-24 13:38:22.332206,,,0.2844683173676392
2024-12-24 13:38:22.367265,2024-12-24 13:38:22.468389,0.101124,0.25677856514975506
2024-12-24 13:38:22.468389,,,0.25677856514975506
2024-12-24 13:38:22.504450,,,0.2568529148340088
2024-12-24 13:38:22.542430,,,0.2805340037771496
2024-12-24 13:38:22.578433,,,0.28541742474029014
2024-12-24 13:38:22.615947,,,0.28273627482472596
2024-12-24 13:38:22.653541,,,0.2844683173676392
2024-12-24 13:38:22.688514,,,0.29138301358899155
2024-12-24 13:38:22.727510,,,0.2766062444425698
2024-12-24 13:38:22.767997,,,0.3076140925860874
2024-12-24 13:38:22.802236,,,0.2929323602968176
2024-12-24 13:38:22.836833,,,0.3037660401380586
2024-12-24 13:38:22.872755,,,0.2846086173486052
2024-12-24 13:38:22.908179,,,0.3156484152272425
2024-12-24 13:38:22.946181,,,0.3069597115518933
2024-12-24 13:38:22.985716,,,0.30346273790100425
2024-12-24 13:38:23.024719,,,0.32645078655371595
2024-12-24 13:38:23.060716,,,0.31931602587260877
2024-12-24 13:38:23.096723,,,0.35840791387850923
2024-12-24 13:38:23.130725,,,0.32058642468310383
2024-12-24 13:38:23.165730,,,0.3189660078157499
2024-12-24 13:38:23.201247,,,0.34137814935153954
2024-12-24 13:38:23.238245,,,0.35263839784722606
2024-12-24 13:38:23.273270,,,0.35273006458120204
2024-12-24 13:38:23.309783,,,0.34067140467046475
2024-12-24 13:38:23.345783,,,0.33050064537066537
2024-12-24 13:38:23.380298,,,0.349333425217607
2024-12-24 13:38:23.416801,,,0.36525476957634295
2024-12-24 13:38:23.451804,,,0.3387624006555267
2024-12-24 13:38:23.486893,,,0.3723666258721977
2024-12-24 13:38:23.523891,,,0.3603079659614604
2024-12-24 13:38:23.560894,,,0.3837185411018602
2024-12-24 13:38:23.597919,,,0.329686984279166
2024-12-24 13:38:23.636354,,,0.3654423077199248
2024-12-24 13:38:23.673110,,,0.37524221721177137
2024-12-24 13:38:23.712644,,,0.349333425217607
2024-12-24 13:38:23.750644,,,0.3427426169457736
2024-12-24 13:38:23.786158,,,0.34067140467046475
2024-12-24 13:38:23.822174,,,0.3522108580437091
2024-12-24 13:38:23.856172,,,0.35202331990012725
2024-12-24 13:38:23.891858,,,0.3522108580437091
2024-12-24 13:38:23.929755,,,0.3528150478521782
2024-12-24 13:38:23.961754,,,0.35291833245619264
2024-12-24 13:38:23.995416,,,0.34147816044631923
2024-12-24 13:38:24.030076,,,0.3536258068686762
2024-12-24 13:38:24.065978,,,0.35291833245619264
2024-12-24 13:38:24.099917,,,0.34165481045127133
2024-12-24 13:38:24.134909,,,0.34175809505528587
2024-12-24 13:38:24.168918,,,0.34105062064280234
2024-12-24 13:38:24.202479,,,0.35291833245619264
2024-12-24 13:38:24.237480,,,0.35172137962147454
2024-12-24 13:38:24.269617,,,0.3552720278731639
2024-12-24 13:38:24.302684,,,0.35291833245619264
2024-12-24 13:38:24.337786,,,0.35291833245619264
2024-12-24 13:38:24.370895,,,0.34105062064280234
2024-12-24 13:38:24.404605,,,0.35291833245619264
2024-12-24 13:38:24.437062,,,0.3549895447315015
2024-12-24 13:38:24.470226,,,0.36407856985709947
2024-12-24 13:38:24.502688,,,0.34165481045127133
2024-12-24 13:38:24.535687,,,0.34165481045127133
2024-12-24 13:38:24.568689,,,0.35291833245619264
2024-12-24 13:38:24.601206,,,0.33167318485777353
2024-12-24 13:38:24.634223,,,0.330291174087635
2024-12-24 13:38:24.672250,,,0.34067140467046475
2024-12-24 13:38:24.705833,,,0.34128648261756356
2024-12-24 13:38:24.741849,,,0.33012624521665673
2024-12-24 13:38:24.774099,,,0.3388882768585787
2024-12-24 13:38:24.807607,,,0.3693488745284149
2024-12-24 13:38:24.841921,,,0.3482973103412666
2024-12-24 13:38:24.873032,,,0.3695653062380061
2024-12-24 13:38:24.906691,,,0.3695653062380061
2024-12-24 13:38:24.939705,,,0.36247587878395393
2024-12-24 13:38:24.972716,,,0.3686085497533924
2024-12-24 13:38:25.007225,,,0.34862668053653223
2024-12-24 13:38:25.041306,,,0.34067140467046475
2024-12-24 13:38:25.074312,,,0.3408630824992205
2024-12-24 13:38:25.107447,,,0.35273006458120204
2024-12-24 13:38:25.139347,,,0.34067140467046475
2024-12-24 13:38:25.172554,,,0.35273006458120204
2024-12-24 13:38:25.208121,,,0.33050064537066537
2024-12-24 13:38:25.242432,,,0.3391871616800809
2024-12-24 13:38:25.275420,,,0.3181592520398955
2024-12-24 13:38:25.307931,,,0.3408630824992205
2024-12-24 13:38:25.343249,,,0.34156982718029527
2024-12-24 13:38:25.377359,,,0.35202331990012725
2024-12-24 13:38:25.410816,,,0.3310246677264872
2024-12-24 13:38:25.444818,,,0.33050064537066537
2024-12-24 13:38:25.478826,,,0.3497107997034162
2024-12-24 13:38:25.511338,,,0.34105062064280234
2024-12-24 13:38:25.545353,,,0.3576675891034867
2024-12-24 13:38:25.578456,,,0.3718474193347048
2024-12-24 13:38:25.610789,,,0.3608688667017178
2024-12-24 13:38:25.642775,,,0.3482973103412666
2024-12-24 13:38:25.676888,,,0.35807657126468817
2024-12-24 13:38:25.711561,,,0.3686085497533924
2024-12-24 13:38:25.744540,,,0.33774361956975707
2024-12-24 13:38:25.777590,,,0.34670670951696325
2024-12-24 13:38:25.810104,,,0.346621389522127
2024-12-24 13:38:25.842949,,,0.3450359769746019
2024-12-24 13:38:25.876945,,,0.3290993561344312
2024-12-24 13:38:25.910595,,,0.31833075336885075
2024-12-24 13:38:25.942701,,,0.3139943435865253
2024-12-24 13:38:25.974617,,,0.30719559009491193
2024-12-24 13:38:26.008748,,,0.30778829363333826
2024-12-24 13:38:26.041842,,,0.30796837401899
2024-12-24 13:38:26.075738,,,0.32590849441193037
2024-12-24 13:38:26.107983,,,0.3267127665827866
2024-12-24 13:38:26.140983,,,0.31303930512775624
2024-12-24 13:38:26.175592,,,0.3274006373236986
2024-12-24 13:38:26.209209,,,0.32571046177869345
2024-12-24 13:38:26.243209,,,0.31542779173057833
2024-12-24 13:38:26.278284,,,0.3223424879519307
2024-12-24 13:38:26.312804,,,0.33407840374257064
2024-12-24 13:38:26.345681,,,0.31816486736295635
2024-12-24 13:38:26.380689,,,0.3264917154348743
2024-12-24 13:38:26.414254,,,0.31816864096053865
2024-12-24 13:38:26.446961,,,0.31897291313139486
2024-12-24 13:38:26.480085,,,0.3258991054912872
2024-12-24 13:38:26.512400,,,0.319137009007029
2024-12-24 13:38:26.546398,,,0.3181592520398955
2024-12-24 13:38:26.579420,,,0.3348348651657448
2024-12-24 13:38:26.613447,,,0.30696910047253645
2024-12-24 13:38:26.646447,,,0.2834948584947804
2024-12-24 13:38:26.679731,,,0.2845518211689977
2024-12-24 13:38:26.715409,,,0.29643637840367576
2024-12-24 13:38:26.751211,,,0.2940928373226288
2024-12-24 13:38:26.789733,,,0.30361511264266455
2024-12-24 13:38:26.829731,,,0.32149740017942807
2024-12-24 13:38:26.869740,,,0.3255934798819416
2024-12-24 13:38:26.914829,,,0.3255934798819416
2024-12-24 13:38:26.961829,,,0.32737275329997295
2024-12-24 13:38:26.999396,,,0.35014018099346156
2024-12-24 13:38:27.037541,,,0.34148391813638596
2024-12-24 13:38:27.079552,,,0.3631893149911008
2024-12-24 13:38:27.118082,,,0.35014018099346156
2024-12-24 13:38:27.159082,,,0.3723666258721977
2024-12-24 13:38:27.196600,,,0.3638960596721756
2024-12-24 13:38:27.233604,,,0.3618214664183897
2024-12-24 13:38:27.273613,,,0.3606583705282892
2024-12-24 13:38:27.311154,,,0.362482570310026
2024-12-24 13:38:27.351156,,,0.3610147106425352
2024-12-24 13:38:27.390688,,,0.3255934798819416
2024-12-24 13:38:27.429687,,,0.33358319859350843
2024-12-24 13:38:27.469690,,,0.363371095444616
2024-12-24 13:38:27.506228,,,0.3511306550803635
2024-12-24 13:38:27.545213,,,0.355465957104695
2024-12-24 13:38:27.583090,,,0.3332822672616783
2024-12-24 13:38:27.618609,,,0.34067140467046475
2024-12-24 13:38:27.656610,,,0.34067140467046475
2024-12-24 13:38:27.699135,,,0.35360075331739527
2024-12-24 13:38:27.751139,,,0.34147816044631923
2024-12-24 13:38:27.786701,,,0.32812253660608415
2024-12-24 13:38:27.821699,,,0.33012624521665673
2024-12-24 13:38:27.854682,,,0.32931948944080225
2024-12-24 13:38:27.890212,,,0.3548012768565109
2024-12-24 13:38:27.925302,,,0.35202331990012725
2024-12-24 13:38:27.960275,,,0.35202331990012725
2024-12-24 13:38:27.995590,,,0.34224883808773277
2024-12-24 13:38:28.031591,,,0.34067140467046475
2024-12-24 13:38:28.067591,,,0.33099693395285
2024-12-24 13:38:28.104784,,,0.35273006458120204
2024-12-24 13:38:28.139126,,,0.3631835573010341
2024-12-24 13:38:28.179156,,,0.35273006458120204
2024-12-24 13:38:28.216669,,,0.3512231365822499
2024-12-24 13:38:28.250671,,,0.3631835573010341
2024-12-24 13:38:28.285740,,,0.3519298812633247
2024-12-24 13:38:28.320718,,,0.37181351128823176
2024-12-24 13:38:28.355718,,,0.3333333333333333
2024-12-24 13:38:28.396266,,,0.3408630824992205
2024-12-24 13:38:28.433268,,,0.3497107997034162
2024-12-24 13:38:28.468286,,,0.3688241425677853
2024-12-24 13:38:28.503814,,,0.3723666258721977
2024-12-24 13:38:28.538050,,,0.34175809505528587
2024-12-24 13:38:28.572558,,,0.3255934798819416
2024-12-24 13:38:28.605958,,,0.36389030198210887
2024-12-24 13:38:28.644193,,,0.3514641683105644
2024-12-24 13:38:28.677248,,,0.3720291041026246
2024-12-24 13:38:28.710859,,,0.3688241425677853
2024-12-24 13:38:28.745166,,,0.35273006458120204
2024-12-24 13:38:28.779355,,,0.3631835573010341
2024-12-24 13:38:28.811864,,,0.3716598811911229
2024-12-24 13:38:28.847760,,,0.3546008237406538
2024-12-24 13:38:28.881112,,,0.3631835573010341
2024-12-24 13:38:28.916603,,,0.35273006458120204
2024-12-24 13:38:28.951419,,,0.35273006458120204
2024-12-24 13:38:28.983687,,,0.34157921610093844
2024-12-24 13:38:29.016778,,,0.3139461904406301
2024-12-24 13:38:29.050674,,,0.3143253954897992
2024-12-24 13:38:29.085520,,,0.31481465313066676
2024-12-24 13:38:29.117628,,,0.3181592520398955
2024-12-24 13:38:29.151946,,,0.33032482836105737
2024-12-24 13:38:29.185594,,,0.3370368748886823
2024-12-24 13:38:29.217972,,,0.3393932080165202
2024-12-24 13:38:29.251345,,,0.346947488888898
2024-12-24 13:38:29.283702,,,0.3268328196131183
2024-12-24 13:38:29.318931,,,0.3259905852683654
2024-12-24 13:38:29.351841,,,0.3393932080165202
2024-12-24 13:38:29.385038,,,0.3184836554905274
2024-12-24 13:38:29.417419,,,0.3313094648778405
2024-12-24 13:38:29.450165,,,0.31897291313139486
2024-12-24 13:38:29.484677,,,0.3298006237458422
2024-12-24 13:38:29.517467,,,0.3298006237458422
2024-12-24 13:38:29.552377,,,0.3184836554905274
2024-12-24 13:38:29.586886,,,0.331831824197984
2024-12-24 13:38:29.619889,,,0.31816864096053865
2024-12-24 13:38:29.653232,,,0.31897291313139486
2024-12-24 13:38:29.686444,,,0.323918395492136
2024-12-24 13:38:29.719075,,,0.31457513922009384
2024-12-24 13:38:29.753061,,,0.3287109839516805
2024-12-24 13:38:29.785178,,,0.3181592520398955
2024-12-24 13:38:29.819799,,,0.35202331990012725
2024-12-24 13:38:29.856691,,,0.34067140467046475
2024-12-24 13:38:29.893062,,,0.3181592520398955
2024-12-24 13:38:29.926063,,,0.3266004540058212
2024-12-24 13:38:29.960143,,,0.325531907043845
2024-12-24 13:38:29.991963,,,0.3512288942723166
2024-12-24 13:38:30.025863,,,0.33690138522500424
2024-12-24 13:38:30.059863,,,0.3377081410008587
2024-12-24 13:38:30.092375,,,0.33022978447627416
2024-12-24 13:38:30.126482,,,0.3189660078157499
2024-12-24 13:38:30.161102,,,0.30783824999513226
2024-12-24 13:38:30.194651,,,0.3264002356577961
2024-12-24 13:38:30.228828,,,0.33787910923343517
2024-12-24 13:38:30.261812,,,0.3608688667017178
2024-12-24 13:38:30.297456,,,0.3454483867043009
2024-12-24 13:38:30.339554,,,0.3528940086363205
2024-12-24 13:38:30.375462,,,0.3514641683105644
2024-12-24 13:38:30.409010,,,0.3368598954538539
2024-12-24 13:38:30.442013,,,0.3447416420232261
2024-12-24 13:38:30.476014,,,0.329511167269558
2024-12-24 13:38:30.510594,,,0.3447416420232261
2024-12-24 13:38:30.549114,,,0.3553018107316619
2024-12-24 13:38:30.586138,,,0.3716598811911229
2024-12-24 13:38:30.621652,,,0.3521687372717064
2024-12-24 13:38:30.657651,,,0.3519298812633247
2024-12-24 13:38:30.696096,,,0.33379499702134774
2024-12-24 13:38:30.730106,,,0.349333425217607
2024-12-24 13:38:30.761991,,,0.3437415176715771
2024-12-24 13:38:30.795743,,,0.35273006458120204
2024-12-24 13:38:30.831999,,,0.3181592520398955
2024-12-24 13:38:30.865937,2024-12-24 13:38:30.966451,0.100514,0.262730946102136
2024-12-24 13:38:30.966451,,,0.262730946102136
2024-12-24 13:38:30.999989,,,0.3019347265408717
2024-12-24 13:38:31.032005,,,0.2981339925459485
2024-12-24 13:38:31.064990,,,0.3255934798819416
2024-12-24 13:38:31.099558,,,0.32149740017942807
2024-12-24 13:38:31.131557,,,0.34862668053653223
2024-12-24 13:38:31.164560,,,0.3181592520398955
2024-12-24 13:38:31.198157,,,0.3255934798819416
2024-12-24 13:38:31.233142,,,0.33012624521665673
2024-12-24 13:38:31.265415,,,0.32952055619020115
2024-12-24 13:38:31.298466,,,0.35343680926227683
2024-12-24 13:38:31.331569,,,0.3526366259443995
2024-12-24 13:38:31.364856,,,0.35273006458120204
2024-12-24 13:38:31.399478,,,0.35430749799847006
2024-12-24 13:38:31.433478,,,0.3521687372717064
2024-12-24 13:38:31.466480,,,0.35360075331739527
2024-12-24 13:38:31.500245,,,0.3430555938635873
2024-12-24 13:38:31.536066,,,0.34252672992344113
2024-12-24 13:38:31.572082,,,0.3640335436337553
2024-12-24 13:38:31.606594,,,0.3528256235507988
2024-12-24 13:38:31.641941,2024-12-24 13:38:31.750049,0.108108,0.28703688006711836
2024-12-24 13:38:31.750049,,,0.28703688006711836
2024-12-24 13:38:31.786659,,,0.3257198506993366
2024-12-24 13:38:31.821704,,,0.35997859576619473
2024-12-24 13:38:31.858704,,,0.34167674359071987
2024-12-24 13:38:31.896218,,,0.3734312237679775
2024-12-24 13:38:31.936217,,,0.3727244790869027
2024-12-24 13:38:31.972216,,,0.3716598811911229
2024-12-24 13:38:32.008049,,,0.35811439450519145
2024-12-24 13:38:32.043248,,,0.3634067047207791
2024-12-24 13:38:32.079256,,,0.3631835573010341
2024-12-24 13:38:32.113800,,,0.3734312237679775
2024-12-24 13:38:32.148801,,,0.3562382176169945
