Blink Start Time,Blink End Time,Blink Duration (seconds),EAR
2024-12-26 12:18:25.197964,,,0.2882258844131723
2024-12-26 12:18:25.300871,,,0.2963203054740562
2024-12-26 12:18:25.338390,,,0.29561388300841895
2024-12-26 12:18:25.374421,,,0.3188578583096393
2024-12-26 12:18:25.410977,,,0.33969922635810745
2024-12-26 12:18:25.445973,,,0.32283749346973173
2024-12-26 12:18:25.480975,,,0.33349302711577383
2024-12-26 12:18:25.513602,,,0.3148211851158856
2024-12-26 12:18:25.545602,,,0.30845876926593546
2024-12-26 12:18:25.578616,,,0.29014555214205434
2024-12-26 12:18:25.612456,,,0.31266902934819496
2024-12-26 12:18:25.649352,,,0.29453822824071496
2024-12-26 12:18:25.685356,,,0.3128922522206087
2024-12-26 12:18:25.719907,,,0.3009710258655618
2024-12-26 12:18:25.754920,,,0.32011277484181944
2024-12-26 12:18:25.789937,,,0.28797955772944506
2024-12-26 12:18:25.825456,,,0.2838203054740562
2024-12-26 12:18:25.860456,2024-12-26 12:18:25.895459,0.035003,0.28864282001726727
2024-12-26 12:18:25.895459,,,0.28864282001726727
2024-12-26 12:18:25.930992,,,0.26423350486842645
2024-12-26 12:18:25.966007,,,0.265158854325845
2024-12-26 12:18:26.000986,,,0.2651149189470084
2024-12-26 12:18:26.037534,,,0.2761324528574479
2024-12-26 12:18:26.072535,,,0.25733599806917945
2024-12-26 12:18:26.107053,,,0.2953282919649621
2024-12-26 12:18:26.142051,,,0.283296003803821
2024-12-26 12:18:26.177048,,,0.27363674710367025
2024-12-26 12:18:26.211604,,,0.28256575486345514
2024-12-26 12:18:26.245590,,,0.29435562337276777
2024-12-26 12:18:26.281590,,,0.2921589546018396
2024-12-26 12:18:26.316153,,,0.30411818477330443
2024-12-26 12:18:26.348868,,,0.2951411427966388
2024-12-26 12:18:26.381852,,,0.26685336858754055
2024-12-26 12:18:26.417391,2024-12-26 12:18:26.594964,0.177573,0.27068192097003574
2024-12-26 12:18:26.594964,,,0.27068192097003574
2024-12-26 12:18:26.633472,,,0.2721230813911925
2024-12-26 12:18:26.670484,,,0.28486808850482004
2024-12-26 12:18:26.705987,,,0.270628256196191
2024-12-26 12:18:26.743012,,,0.29016271654903497
2024-12-26 12:18:26.779988,,,0.31257748235703564
2024-12-26 12:18:26.815512,,,0.26294748588553785
2024-12-26 12:18:26.854512,,,0.31001855897292374
2024-12-26 12:18:27.828707,2024-12-26 12:18:27.931258,0.102551,0.28052291558784315
2024-12-26 12:18:27.931258,,,0.28052291558784315
2024-12-26 12:18:27.966259,,,0.2634492144680403
2024-12-26 12:18:28.000586,,,0.2688533757786259
2024-12-26 12:18:28.036121,,,0.28864282001726727
2024-12-26 12:18:28.071118,,,0.2931421188336738
2024-12-26 12:18:28.105639,,,0.28226675437394455
2024-12-26 12:18:28.141642,,,0.28133900575430737
2024-12-26 12:18:28.177639,,,0.30205031404681626
2024-12-26 12:18:28.216180,,,0.3030355822646522
2024-12-26 12:18:28.254508,,,0.29014555214205434
2024-12-26 12:18:28.288032,,,0.29412738705150976
2024-12-26 12:18:28.322321,,,0.28005994133447426
2024-12-26 12:18:28.355285,,,0.2989527320026471
2024-12-26 12:18:28.390312,,,0.2712097970168011
2024-12-26 12:18:28.422801,,,0.2646480108787932
2024-12-26 12:18:28.489369,,,0.2577952321931627
2024-12-26 12:18:28.522099,,,0.2751560435028184
2024-12-26 12:18:28.551207,,,0.2868740702683966
2024-12-26 12:18:28.583613,,,0.2639181643645472
2024-12-26 12:18:28.616991,2024-12-26 12:18:28.812366,0.195375,0.2899021969308137
2024-12-26 12:18:28.812366,,,0.2899021969308137
2024-12-26 12:18:28.844454,,,0.31555721712510537
2024-12-26 12:18:28.878350,,,0.30031870564859325
2024-12-26 12:18:28.909989,,,0.2669038460984662
2024-12-26 12:18:28.940085,,,0.3091933361725293
2024-12-26 12:18:28.974092,,,0.27382490926492986
2024-12-26 12:18:29.007628,,,0.29950260960260744
2024-12-26 12:18:29.040847,,,0.26753344187952005
2024-12-26 12:18:29.072846,,,0.287228149857243
2024-12-26 12:18:29.106054,,,0.2938419028496676
2024-12-26 12:18:29.137053,,,0.27321662537118724
2024-12-26 12:18:29.167149,,,0.27662524879341327
2024-12-26 12:18:29.199245,,,0.2707685853346775
2024-12-26 12:18:29.232267,,,0.3003275219504121
2024-12-26 12:18:29.264350,,,0.2696169570440002
2024-12-26 12:18:29.296256,,,0.27730449674434504
2024-12-26 12:18:29.327768,,,0.3062938067722133
2024-12-26 12:18:29.359767,,,0.30736946153991734
2024-12-26 12:18:29.392812,,,0.2961057891082368
2024-12-26 12:18:29.426321,,,0.3298022362378284
2024-12-26 12:18:29.459322,,,0.29086693282730447
2024-12-26 12:18:29.492353,,,0.2958511645091637
2024-12-26 12:18:29.526915,,,0.30319370602091017
2024-12-26 12:18:29.559020,,,0.29755485866921194
2024-12-26 12:18:29.591931,,,0.29755485866921194
2024-12-26 12:18:29.625450,,,0.30112722425324034
2024-12-26 12:18:29.659473,,,0.3080631241702175
2024-12-26 12:18:29.691600,,,0.30019947563360316
2024-12-26 12:18:29.723640,,,0.30792673384009567
2024-12-26 12:18:29.757634,,,0.2940272931722515
2024-12-26 12:18:29.788530,,,0.2954423296041226
2024-12-26 12:18:29.823557,,,0.2896760609011022
2024-12-26 12:18:29.855555,,,0.296521617785377
2024-12-26 12:18:29.888574,,,0.29775781742031876
2024-12-26 12:18:29.921099,,,0.2743176136538735
2024-12-26 12:18:29.954100,,,0.29452717677706414
2024-12-26 12:18:29.986205,,,0.2959781277277296
2024-12-26 12:18:30.019895,,,0.30038662480192646
2024-12-26 12:18:30.052896,,,0.28881437342156363
2024-12-26 12:18:30.088894,,,0.300284975976531
2024-12-26 12:18:30.127409,,,0.31818287214911134
2024-12-26 12:18:30.163430,,,0.30319370602091017
2024-12-26 12:18:30.198436,,,0.310039262905185
2024-12-26 12:18:30.234940,,,0.2977277028184011
2024-12-26 12:18:30.268923,,,0.3091931711896734
2024-12-26 12:18:30.303932,,,0.27764325856181804
2024-12-26 12:18:30.338956,,,0.286584025127202
2024-12-26 12:18:30.373954,,,0.27885088787981027
2024-12-26 12:18:30.409983,,,0.2961420527143784
2024-12-26 12:18:30.445499,,,0.2812700253080124
2024-12-26 12:18:30.481481,,,0.30131437342156364
2024-12-26 12:18:30.517053,,,0.2888534656459787
2024-12-26 12:18:30.553052,,,0.2930073198238162
2024-12-26 12:18:30.588052,,,0.3021643085758775
2024-12-26 12:18:30.622564,,,0.2949939746978207
2024-12-26 12:18:30.657566,,,0.31341973063374495
2024-12-26 12:18:30.693570,,,0.2930073198238162
2024-12-26 12:18:30.728085,,,0.3060539088540829
2024-12-26 12:18:30.763080,,,0.3305863358647799
2024-12-26 12:18:30.798090,,,0.2822666063587883
2024-12-26 12:18:30.833328,,,0.3079230248150454
2024-12-26 12:18:30.868326,,,0.3298022362378284
2024-12-26 12:18:30.903335,,,0.3006589425471883
2024-12-26 12:18:30.937527,,,0.31341973063374495
2024-12-26 12:18:30.972525,,,0.296521617785377
2024-12-26 12:18:31.008634,,,0.2876134225722346
2024-12-26 12:18:31.043652,,,0.30319370602091017
2024-12-26 12:18:31.079633,,,0.2957649206969739
2024-12-26 12:18:31.113691,2024-12-26 12:18:31.291244,0.177553,0.2777554512779189
2024-12-26 12:18:31.291244,,,0.2777554512779189
2024-12-26 12:18:31.326797,,,0.2523164416296141
2024-12-26 12:18:31.362005,,,0.2961331563057329
2024-12-26 12:18:31.397199,,,0.26868645343470937
2024-12-26 12:18:31.428704,,,0.2926699936888195
2024-12-26 12:18:31.461724,,,0.26926609576592053
2024-12-26 12:18:31.494837,,,0.29692535411499565
2024-12-26 12:18:31.528304,,,0.30876397487298146
2024-12-26 12:18:31.561185,,,0.3094036831536724
2024-12-26 12:18:31.595322,,,0.30641698034563103
2024-12-26 12:18:31.626870,,,0.3097985065017092
2024-12-26 12:18:31.660823,,,0.2998128508316767
2024-12-26 12:18:31.695237,,,0.2743176136538735
2024-12-26 12:18:31.727909,,,0.3149828797266802
2024-12-26 12:18:31.762808,,,0.31484890505029134
2024-12-26 12:18:31.794915,,,0.29417151627870647
2024-12-26 12:18:31.826840,,,0.3098514503776719
2024-12-26 12:18:31.859688,,,0.28836297822443135
2024-12-26 12:18:31.892331,,,0.2765786123311727
2024-12-26 12:18:31.925848,,,0.29906842936317507
2024-12-26 12:18:31.959949,,,0.3091931711896734
2024-12-26 12:18:31.992844,,,0.2987910583041537
2024-12-26 12:18:32.025316,,,0.29391933283766436
2024-12-26 12:18:32.058376,,,0.3079230248150454
2024-12-26 12:18:32.089478,,,0.30188861943602163
2024-12-26 12:18:32.122044,,,0.2895978871144803
2024-12-26 12:18:32.155154,,,0.28864282001726727
2024-12-26 12:18:32.187148,,,0.3080601463179582
2024-12-26 12:18:32.219733,,,0.31341973063374495
2024-12-26 12:18:32.251750,,,0.3000978268082077
2024-12-26 12:18:32.284732,,,0.30131437342156364
2024-12-26 12:18:32.317272,,,0.3000978268082077
2024-12-26 12:18:32.349273,,,0.33531023122868175
2024-12-26 12:18:32.382303,,,0.3013195076052587
2024-12-26 12:18:32.414450,,,0.300284975976531
2024-12-26 12:18:32.448261,,,0.31479200411161135
2024-12-26 12:18:32.481246,,,0.3210427396632327
2024-12-26 12:18:32.513742,,,0.3261068798020683
2024-12-26 12:18:32.546740,,,0.31567594305952373
2024-12-26 12:18:32.579741,,,0.31333049595148466
2024-12-26 12:18:32.611347,,,0.312784975976531
2024-12-26 12:18:32.643267,,,0.293964577252788
2024-12-26 12:18:32.674252,,,0.3247972550676498
2024-12-26 12:18:32.710103,,,0.26464488822531773
2024-12-26 12:18:32.743113,2024-12-26 12:18:32.809641,0.066528,0.2511192229611932
2024-12-26 12:18:32.809641,,,0.2511192229611932
2024-12-26 12:18:32.841642,2024-12-26 12:18:32.874657,0.033015,0.27149925785231943
2024-12-26 12:18:32.874657,,,0.27149925785231943
2024-12-26 12:18:32.906647,,,0.28139708280690917
2024-12-26 12:18:32.938862,,,0.307676499368291
2024-12-26 12:18:32.972862,,,0.2998128508316767
2024-12-26 12:18:33.004911,,,0.286584025127202
2024-12-26 12:18:33.036444,,,0.3216931711896734
2024-12-26 12:18:33.068533,,,0.3096643012093486
2024-12-26 12:18:33.101679,,,0.3138143734215636
2024-12-26 12:18:33.136582,,,0.31941328074375497
2024-12-26 12:18:33.168576,,,0.3091931711896734
2024-12-26 12:18:33.199907,,,0.28920777919505014
2024-12-26 12:18:33.232445,,,0.31272294085415586
2024-12-26 12:18:33.266696,,,0.3221257368695374
2024-12-26 12:18:33.302725,,,0.3079230248150454
2024-12-26 12:18:33.336415,,,0.307676499368291
2024-12-26 12:18:33.370414,,,0.2925082990780249
2024-12-26 12:18:33.405514,,,0.2998128508316767
2024-12-26 12:18:33.437090,,,0.30162111773012434
2024-12-26 12:18:33.469481,,,0.29309798960647715
2024-12-26 12:18:33.501007,,,0.3008460917155116
2024-12-26 12:18:33.533509,,,0.3079230248150454
2024-12-26 12:18:33.565855,,,0.29906842936317507
2024-12-26 12:18:33.601249,2024-12-26 12:18:33.735686,0.134437,0.25123774391990983
2024-12-26 12:18:33.735686,,,0.25123774391990983
2024-12-26 12:18:33.768720,,,0.2748440423597306
2024-12-26 12:18:33.799622,,,0.2925082990780249
2024-12-26 12:18:33.840134,,,0.26889708280690916
2024-12-26 12:18:33.872134,,,0.2746568931914073
2024-12-26 12:18:33.906139,,,0.2933955383695196
2024-12-26 12:18:33.939231,,,0.2998128508316767
2024-12-26 12:18:33.974230,,,0.26990319386007167
2024-12-26 12:18:34.007269,,,0.30617017280376946
2024-12-26 12:18:34.040836,,,0.288343355582423
2024-12-26 12:18:34.075842,,,0.2930073198238162
2024-12-26 12:18:34.109871,,,0.2509242843544029
2024-12-26 12:18:34.143963,,,0.2509242843544029
2024-12-26 12:18:34.176965,,,0.2568256727419879
2024-12-26 12:18:34.208987,2024-12-26 12:18:34.278544,0.069557,0.2871412974273803
2024-12-26 12:18:34.278544,,,0.2871412974273803
2024-12-26 12:18:34.314115,2024-12-26 12:18:34.348576,0.034461,0.26816845207012185
2024-12-26 12:18:34.348576,,,0.26816845207012185
2024-12-26 12:18:34.383575,,,0.2931421188336738
2024-12-26 12:18:34.419096,,,0.2926699936888195
2024-12-26 12:18:34.456095,,,0.29195102677784657
2024-12-26 12:18:34.490095,,,0.2926699936888195
2024-12-26 12:18:34.526337,,,0.2697589652541351
2024-12-26 12:18:34.563876,,,0.28061701172416254
2024-12-26 12:18:34.600878,,,0.29349245210793373
2024-12-26 12:18:34.638386,,,0.2858899172384878
2024-12-26 12:18:34.674387,,,0.29354153996185983
2024-12-26 12:18:34.710393,,,0.28539089649269644
2024-12-26 12:18:34.744445,,,0.30684002760874085
2024-12-26 12:18:34.785446,,,0.29400982166791184
2024-12-26 12:18:34.822960,,,0.2751290183362616
2024-12-26 12:18:34.861962,,,0.29925557853149837
2024-12-26 12:18:34.902969,,,0.2849090871883414
2024-12-26 12:18:34.949484,,,0.2929804242228792
2024-12-26 12:18:34.987483,,,0.2929804242228792
2024-12-26 12:18:35.025617,,,0.29400982166791184
2024-12-26 12:18:35.063747,,,0.2926699936888195
2024-12-26 12:18:35.099711,,,0.3202357391628692
2024-12-26 12:18:35.135543,,,0.2955589338756036
2024-12-26 12:18:35.169895,,,0.3121101058993264
2024-12-26 12:18:35.204035,,,0.2925082990780249
2024-12-26 12:18:35.238835,,,0.29400982166791184
2024-12-26 12:18:35.272791,,,0.2930073198238162
2024-12-26 12:18:35.307895,,,0.2821185343140495
2024-12-26 12:18:35.340727,,,0.29851115706299675
2024-12-26 12:18:35.375688,,,0.29906842936317507
2024-12-26 12:18:35.410805,,,0.2868740702683966
2024-12-26 12:18:35.445902,,,0.2873592025525141
2024-12-26 12:18:35.480879,,,0.29354153996185983
2024-12-26 12:18:35.518706,,,0.2687257243703002
2024-12-26 12:18:35.553709,,,0.2709364347439066
2024-12-26 12:18:35.588710,,,0.30789733651923645
2024-12-26 12:18:35.624554,,,0.2945256929917687
2024-12-26 12:18:35.659554,,,0.2945256929917687
2024-12-26 12:18:35.694563,,,0.26259247481488057
2024-12-26 12:18:35.730448,,,0.26852364363598763
2024-12-26 12:18:35.764440,,,0.28589324021825024
2024-12-26 12:18:35.799570,,,0.318863367587257
2024-12-26 12:18:35.834357,,,0.3095367496685687
2024-12-26 12:18:35.871346,,,0.31001855897292374
2024-12-26 12:18:35.910119,,,0.318863367587257
2024-12-26 12:18:35.944802,,,0.3227065187935717
2024-12-26 12:18:35.978790,,,0.31797612829576233
2024-12-26 12:18:36.011902,,,0.31699529824561595
2024-12-26 12:18:36.043432,,,0.28160116475407143
2024-12-26 12:18:36.076348,,,0.33025563419532805
2024-12-26 12:18:36.110368,,,0.31934849987137454
2024-12-26 12:18:36.142799,,,0.29349245210793373
2024-12-26 12:18:36.173900,,,0.32211130757441936
2024-12-26 12:18:36.208033,,,0.3345957118103924
2024-12-26 12:18:36.242619,,,0.2945256929917687
2024-12-26 12:18:36.276269,,,0.30701009722774175
2024-12-26 12:18:36.308364,,,0.30439958643188725
2024-12-26 12:18:36.341394,,,0.31636203058814233
2024-12-26 12:18:36.374393,,,0.32968866916886824
2024-12-26 12:18:36.407545,,,0.3178825375371106
2024-12-26 12:18:36.440058,,,0.3178825375371106
2024-12-26 12:18:36.473056,,,0.31797612829576233
2024-12-26 12:18:36.505280,,,0.31699529824561595
2024-12-26 12:18:36.538690,,,0.32803717550378475
2024-12-26 12:18:36.571602,,,0.29087685905822847
2024-12-26 12:18:36.607552,,,0.3016921834310232
2024-12-26 12:18:36.643135,,,0.31699529824561595
2024-12-26 12:18:36.676453,,,0.3245945101352995
2024-12-26 12:18:36.707457,,,0.3240372378351212
2024-12-26 12:18:36.740950,,,0.31699529824561595
2024-12-26 12:18:36.774193,,,0.29413465684397055
2024-12-26 12:18:36.807603,,,0.2883774970623221
2024-12-26 12:18:36.839216,,,0.3290555053111086
2024-12-26 12:18:36.872223,,,0.3057167993492441
2024-12-26 12:18:36.903236,,,0.2929351798077554
2024-12-26 12:18:36.943100,,,0.3038423141317089
2024-12-26 12:18:36.977013,,,0.2925082990780249
2024-12-26 12:18:37.010104,,,0.30439958643188725
2024-12-26 12:18:37.044039,,,0.30439958643188725
2024-12-26 12:18:37.077056,,,0.2945256929917687
2024-12-26 12:18:37.110061,,,0.3305759084603629
2024-12-26 12:18:37.141591,,,0.3049108672360042
2024-12-26 12:18:37.174590,,,0.32660959682141677
2024-12-26 12:18:37.207681,,,0.302065089319665
2024-12-26 12:18:37.249041,,,0.31411732209566556
2024-12-26 12:18:37.282912,,,0.32884643482411535
2024-12-26 12:18:37.315424,,,0.3150511324117249
2024-12-26 12:18:37.347452,,,0.29202648977366985
2024-12-26 12:18:37.379445,,,0.3187697768286053
2024-12-26 12:18:37.412436,,,0.3054328273157222
2024-12-26 12:18:37.445048,,,0.3062779150882248
2024-12-26 12:18:37.478033,,,0.2945256929917687
2024-12-26 12:18:37.509495,,,0.31081906629843836
2024-12-26 12:18:37.550356,,,0.30439958643188725
2024-12-26 12:18:37.583361,,,0.318863367587257
2024-12-26 12:18:37.616082,,,0.3305759084603629
2024-12-26 12:18:37.648601,,,0.318863367587257
2024-12-26 12:18:37.681590,,,0.318863367587257
2024-12-26 12:18:37.715001,,,0.318863367587257
2024-12-26 12:18:37.747559,,,0.3095367496685687
2024-12-26 12:18:37.780669,,,0.3105175797187151
2024-12-26 12:18:37.811702,,,0.2814039942980582
2024-12-26 12:18:37.851279,,,0.31152189929551505
2024-12-26 12:18:37.885531,,,0.3178825375371106
2024-12-26 12:18:37.917696,,,0.318863367587257
2024-12-26 12:18:37.950696,,,0.28589324021825024
2024-12-26 12:18:37.982712,,,0.318863367587257
2024-12-26 12:18:38.015735,,,0.31699529824561595
2024-12-26 12:18:38.049315,,,0.29354153996185983
2024-12-26 12:18:38.083410,,,0.3178825375371106
2024-12-26 12:18:38.115853,,,0.3095367496685687
2024-12-26 12:18:38.157266,,,0.2930597306575048
2024-12-26 12:18:38.190270,,,0.29354153996185983
2024-12-26 12:18:38.223793,,,0.33062091340710476
2024-12-26 12:18:38.256796,,,0.2863750495226053
2024-12-26 12:18:38.288777,,,0.318863367587257
2024-12-26 12:18:38.322310,,,0.32690226899022434
2024-12-26 12:18:38.354309,,,0.2868740702683966
2024-12-26 12:18:38.388002,,,0.2929804242228792
2024-12-26 12:18:38.422271,,,0.293964577252788
2024-12-26 12:18:38.460331,,,0.29202648977366985
2024-12-26 12:18:38.495354,,,0.2930597306575048
2024-12-26 12:18:38.526216,,,0.2822418349628403
2024-12-26 12:18:38.560227,,,0.28115618324531677
2024-12-26 12:18:38.592487,,,0.28120859407900534
2024-12-26 12:18:38.625109,,,0.2801753531951704
2024-12-26 12:18:38.658223,,,0.3053981333011376
2024-12-26 12:18:38.690109,,,0.2926597574311435
2024-12-26 12:18:38.719618,,,0.28061701172416254
2024-12-26 12:18:38.764719,,,0.30010167024700996
2024-12-26 12:18:38.799714,,,0.28956813576546736
2024-12-26 12:18:38.832488,,,0.2801753531951704
2024-12-26 12:18:38.865575,,,0.3053981333011376
2024-12-26 12:18:38.900823,,,0.3361085125383226
2024-12-26 12:18:38.934421,,,0.31361547192801564
2024-12-26 12:18:38.968462,,,0.3065249649436242
2024-12-26 12:18:39.002447,,,0.3178825375371106
2024-12-26 12:18:39.037942,,,0.3178825375371106
2024-12-26 12:18:39.073942,,,0.3231224694462627
2024-12-26 12:18:39.107948,,,0.3178825375371106
2024-12-26 12:18:39.143455,,,0.3187697768286053
2024-12-26 12:18:39.178379,,,0.3114725176588953
2024-12-26 12:18:39.213462,,,0.3361085125383226
2024-12-26 12:18:39.248103,,,0.318863367587257
2024-12-26 12:18:39.284198,,,0.318863367587257
2024-12-26 12:18:39.319947,,,0.318863367587257
2024-12-26 12:18:39.355012,,,0.30451089400964293
2024-12-26 12:18:39.389014,,,0.31699529824561595
2024-12-26 12:18:39.423848,,,0.3059768563439068
2024-12-26 12:18:39.459682,,,0.3258117164181105
2024-12-26 12:18:39.494427,,,0.31553294171607993
2024-12-26 12:18:39.529847,,,0.34303416084068505
2024-12-26 12:18:39.564374,,,0.31651709474598877
2024-12-26 12:18:39.598741,,,0.34242704503886234
2024-12-26 12:18:39.634208,,,0.3064313741849725
2024-12-26 12:18:39.669058,,,0.3183643468414657
2024-12-26 12:18:39.705862,,,0.32636898871828884
2024-12-26 12:18:39.741170,,,0.32803717550378475
2024-12-26 12:18:39.777329,,,0.3178825375371106
2024-12-26 12:18:39.812687,,,0.3265149903106291
2024-12-26 12:18:39.846962,,,0.31797612829576233
2024-12-26 12:18:39.882904,,,0.3312397872252369
2024-12-26 12:18:39.917206,,,0.33071450416575643
2024-12-26 12:18:39.952528,,,0.31797612829576233
2024-12-26 12:18:39.988703,,,0.31747710754997105
2024-12-26 12:18:40.025321,,,0.31747710754997105
2024-12-26 12:18:40.063075,,,0.28160116475407143
2024-12-26 12:18:40.099072,,,0.3184612605798799
2024-12-26 12:18:40.132677,,,0.3293683949038334
2024-12-26 12:18:40.167655,,,0.3057167993492441
2024-12-26 12:18:40.204661,,,0.3059768563439068
2024-12-26 12:18:40.239726,,,0.2929804242228792
2024-12-26 12:18:40.274164,,,0.2929804242228792
2024-12-26 12:18:40.310444,,,0.3054917240597893
2024-12-26 12:18:40.345500,,,0.275893092826349
2024-12-26 12:18:40.378499,2024-12-26 12:18:40.574236,0.195737,0.2825205417280216
2024-12-26 12:18:40.574236,,,0.2825205417280216
2024-12-26 12:18:40.609159,,,0.273005596109668
2024-12-26 12:18:40.641948,,,0.2562413201343271
2024-12-26 12:18:40.675060,,,0.2925082990780249
2024-12-26 12:18:40.709065,,,0.3014594231193297
2024-12-26 12:18:40.743188,,,0.28920777919505014
2024-12-26 12:18:40.783183,,,0.2746568931914073
2024-12-26 12:18:40.818303,,,0.27196967562774155
2024-12-26 12:18:40.850580,2024-12-26 12:18:41.062791,0.212211,0.2564128735386235
2024-12-26 12:18:41.062791,,,0.2564128735386235
2024-12-26 12:18:41.102787,2024-12-26 12:18:41.145300,0.042513,0.28080416089248583
2024-12-26 12:18:41.145300,,,0.28080416089248583
2024-12-26 12:18:41.181244,,,0.2829657834121662
2024-12-26 12:18:41.216370,,,0.27029423000786984
2024-12-26 12:18:41.251776,,,0.2585962591138701
2024-12-26 12:18:41.286776,,,0.2585962591138701
2024-12-26 12:18:41.321483,,,0.28232967702484146
2024-12-26 12:18:41.356480,,,0.30113106769204256
2024-12-26 12:18:41.392482,,,0.2746568931914073
2024-12-26 12:18:41.427398,,,0.2509242843544029
2024-12-26 12:18:41.461417,,,0.26289325724587065
2024-12-26 12:18:41.496502,,,0.2756901340752422
2024-12-26 12:18:41.532560,,,0.2868740702683966
2024-12-26 12:18:41.574624,,,0.27155278849469744
2024-12-26 12:18:41.611607,,,0.2854081079341327
2024-12-26 12:18:41.647723,,,0.29778120459235013
2024-12-26 12:18:41.681812,,,0.29398814987396266
2024-12-26 12:18:41.714845,,,0.2827786342438429
2024-12-26 12:18:41.748175,,,0.2868740702683966
2024-12-26 12:18:41.780129,,,0.28280180216969575
2024-12-26 12:18:41.811329,,,0.2706712041757203
2024-12-26 12:18:41.845075,,,0.28280180216969575
2024-12-26 12:18:41.877963,,,0.2821894241291517
2024-12-26 12:18:41.911386,,,0.30010167024700996
2024-12-26 12:18:41.945124,,,0.2816502526079975
2024-12-26 12:18:41.978012,,,0.2876637053693851
2024-12-26 12:18:42.010063,,,0.30010167024700996
2024-12-26 12:18:42.043550,,,0.28920777919505014
2024-12-26 12:18:42.075661,,,0.30113106769204256
2024-12-26 12:18:42.107413,,,0.3065249649436242
2024-12-26 12:18:42.139023,,,0.3178825375371106
2024-12-26 12:18:42.172781,,,0.30577195134917523
2024-12-26 12:18:42.205788,,,0.30451089400964293
2024-12-26 12:18:42.240294,,,0.30113106769204256
2024-12-26 12:18:42.272294,,,0.29954055450802936
2024-12-26 12:18:42.305310,,,0.29851115706299675
2024-12-26 12:18:42.337893,,,0.29906842936317507
2024-12-26 12:18:42.369906,,,0.281794481213934
2024-12-26 12:18:42.402890,,,0.2876134225722346
2024-12-26 12:18:42.433997,,,0.31797612829576233
2024-12-26 12:18:42.478006,,,0.2863750495226053
2024-12-26 12:18:42.512157,,,0.2826344056379063
2024-12-26 12:18:42.546898,,,0.3000978268082077
2024-12-26 12:18:42.579935,,,0.3000978268082077
2024-12-26 12:18:42.611910,,,0.2934794449686705
2024-12-26 12:18:42.645862,,,0.31820991622680006
2024-12-26 12:18:42.678846,,,0.2934794449686705
2024-12-26 12:18:42.713077,,,0.29954055450802936
2024-12-26 12:18:42.743472,,,0.2881745383112152
2024-12-26 12:18:42.783326,,,0.3178825375371106
2024-12-26 12:18:42.815839,,,0.29249861491852414
2024-12-26 12:18:42.849659,,,0.3250666352801538
2024-12-26 12:18:42.882971,,,0.3000978268082077
2024-12-26 12:18:42.917055,,,0.29404056070765117
2024-12-26 12:18:42.950679,,,0.2881745383112152
2024-12-26 12:18:42.983668,,,0.27170444505955527
2024-12-26 12:18:43.016597,,,0.2945256929917687
2024-12-26 12:18:43.049149,,,0.2873592025525141
2024-12-26 12:18:43.081164,,,0.2858899172384878
2024-12-26 12:18:43.118768,,,0.2810438924538931
2024-12-26 12:18:43.153304,,,0.2805753264215317
2024-12-26 12:18:43.186304,,,0.2868740702683966
2024-12-26 12:18:43.218458,,,0.28603583358762663
2024-12-26 12:18:43.251042,,,0.28638893798427906
2024-12-26 12:18:43.284039,,,0.28061701172416254
2024-12-26 12:18:43.318420,,,0.29550984602167757
2024-12-26 12:18:43.352975,,,0.29354153996185983
2024-12-26 12:18:43.387957,,,0.29550984602167757
2024-12-26 12:18:43.423473,,,0.29404056070765117
2024-12-26 12:18:43.459479,,,0.29343087757378433
2024-12-26 12:18:43.495480,,,0.3006589425471883
2024-12-26 12:18:43.529993,,,0.29906842936317507
2024-12-26 12:18:43.564993,,,0.29354153996185983
2024-12-26 12:18:43.598995,,,0.2991114246489702
2024-12-26 12:18:43.634674,,,0.28061701172416254
2024-12-26 12:18:43.669674,,,0.29249861491852414
2024-12-26 12:18:43.705677,,,0.3006589425471883
2024-12-26 12:18:43.741195,,,0.3006589425471883
2024-12-26 12:18:43.776212,,,0.30488801240126273
2024-12-26 12:18:43.811226,,,0.2935271017466417
2024-12-26 12:18:43.846780,,,0.3006589425471883
2024-12-26 12:18:43.883780,,,0.268324216616671
2024-12-26 12:18:43.923290,,,0.2991114246489702
2024-12-26 12:18:43.959297,,,0.2756901340752422
2024-12-26 12:18:43.991298,,,0.2881745383112152
2024-12-26 12:18:44.025509,,,0.2871412974273803
2024-12-26 12:18:44.059510,,,0.2509242843544029
2024-12-26 12:18:44.095602,,,0.2996257016633534
2024-12-26 12:18:44.129920,,,0.2996257016633534
2024-12-26 12:18:44.163916,,,0.31150639424079996
2024-12-26 12:18:44.197902,,,0.30051294095484804
2024-12-26 12:18:44.234454,,,0.2691658483720244
2024-12-26 12:18:44.270441,,,0.3011349111308449
2024-12-26 12:18:44.305438,,,0.28105713572588675
2024-12-26 12:18:44.339929,,,0.31314334678316136
2024-12-26 12:18:44.375932,,,0.3006589425471883
2024-12-26 12:18:44.411938,,,0.28186523768330374
2024-12-26 12:18:44.452997,,,0.30587994260549267
2024-12-26 12:18:44.490994,,,0.2881745383112152
2024-12-26 12:18:44.526508,,,0.3035460934825255
2024-12-26 12:18:44.562508,,,0.28100804787196065
2024-12-26 12:18:44.597506,,,0.2875669832138864
2024-12-26 12:18:44.632055,,,0.2981272716190614
2024-12-26 12:18:44.672058,,,0.33110072196783064
2024-12-26 12:18:44.707056,,,0.28589324021825024
2024-12-26 12:18:44.742501,,,0.3006589425471883
2024-12-26 12:18:44.778500,,,0.2709364347439066
2024-12-26 12:18:44.814505,,,0.26877569024102055
2024-12-26 12:18:44.850028,,,0.29249861491852414
2024-12-26 12:18:44.884028,,,0.26320572983926915
2024-12-26 12:18:44.917031,,,0.2767233749590771
2024-12-26 12:18:44.951540,,,0.3006589425471883
2024-12-26 12:18:44.983524,,,0.2756901340752422
2024-12-26 12:18:45.015540,,,0.2924500475236379
2024-12-26 12:18:45.049304,,,0.26160832178497173
2024-12-26 12:18:45.083290,,,0.29349245210793373
2024-12-26 12:18:45.116509,,,0.26376994430465206
2024-12-26 12:18:45.150088,,,0.2945256929917687
2024-12-26 12:18:45.182634,,,0.27448376216874293
2024-12-26 12:18:45.215044,,,0.2863750495226053
2024-12-26 12:18:45.248575,,,0.2697589652541351
2024-12-26 12:18:45.282576,,,0.28282772209776896
2024-12-26 12:18:45.314600,,,0.29349245210793373
2024-12-26 12:18:45.349221,,,0.2881745383112152
2024-12-26 12:18:45.383113,,,0.27522574049176024
2024-12-26 12:18:45.417133,,,0.28061701172416254
2024-12-26 12:18:45.454557,,,0.2873592025525141
2024-12-26 12:18:45.487455,,,0.34210477003019835
2024-12-26 12:18:45.520683,,,0.29354153996185983
2024-12-26 12:18:45.553573,2024-12-26 12:18:45.725558,0.171985,0.25983245874881183
2024-12-26 12:18:45.725558,,,0.25983245874881183
2024-12-26 12:18:45.759567,2024-12-26 12:18:45.822797,0.06323,0.259422999574689
2024-12-26 12:18:45.822797,,,0.259422999574689
2024-12-26 12:18:45.856416,,,0.2616616560136041
2024-12-26 12:18:45.889415,,,0.293964577252788
2024-12-26 12:18:45.923438,,,0.28539089649269644
2024-12-26 12:18:45.955985,,,0.29013849843194206
2024-12-26 12:18:45.988986,,,0.288343355582423
2024-12-26 12:18:46.020082,,,0.2945256929917687
2024-12-26 12:18:46.052697,,,0.2863750495226053
2024-12-26 12:18:46.085170,,,0.29349245210793373
2024-12-26 12:18:46.118329,,,0.29550984602167757
2024-12-26 12:18:46.148738,,,0.2929351798077554
2024-12-26 12:18:46.180780,,,0.2925082990780249
2024-12-26 12:18:46.211845,,,0.29349245210793373
2024-12-26 12:18:46.244634,,,0.29349245210793373
2024-12-26 12:18:46.276583,,,0.29349245210793373
2024-12-26 12:18:46.308583,,,0.28100804787196065
2024-12-26 12:18:46.341302,,,0.3000978268082077
2024-12-26 12:18:46.373304,,,0.288343355582423
2024-12-26 12:18:46.408537,,,0.2925082990780249
2024-12-26 12:18:46.441282,,,0.30451089400964293
2024-12-26 12:18:46.474572,,,0.30451089400964293
2024-12-26 12:18:46.507560,,,0.29202648977366985
2024-12-26 12:18:46.538857,,,0.2863750495226053
2024-12-26 12:18:46.574894,,,0.29195102677784657
2024-12-26 12:18:46.605942,,,0.3060259441978329
2024-12-26 12:18:46.639584,,,0.2945256929917687
2024-12-26 12:18:46.670689,,,0.293964577252788
2024-12-26 12:18:46.702584,,,0.2925082990780249
2024-12-26 12:18:46.736190,,,0.2821185343140495
2024-12-26 12:18:46.768193,,,0.2697589652541351
2024-12-26 12:18:46.801192,,,0.2634086885903759
2024-12-26 12:18:46.834724,,,0.2697589652541351
2024-12-26 12:18:46.868705,,,0.27022724696018713
2024-12-26 12:18:46.901772,,,0.2858899172384878
2024-12-26 12:18:46.933855,,,0.28121012860627326
2024-12-26 12:18:46.966840,,,0.2576944513389109
2024-12-26 12:18:46.999839,,,0.2929804242228792
2024-12-26 12:18:47.032466,,,0.29195102677784657
2024-12-26 12:18:47.065466,,,0.30582051874406146
2024-12-26 12:18:47.097451,,,0.3052729306033839
2024-12-26 12:18:47.130096,,,0.2929804242228792
2024-12-26 12:18:47.163271,,,0.29400982166791184
2024-12-26 12:18:47.195664,,,0.29249861491852414
2024-12-26 12:18:47.229159,,,0.29400982166791184
2024-12-26 12:18:47.261264,,,0.29195102677784657
2024-12-26 12:18:47.294154,,,0.2924500475236379
2024-12-26 12:18:47.326162,,,0.30493657979614897
2024-12-26 12:18:47.358182,,,0.3090060220213501
2024-12-26 12:18:47.389252,,,0.2929804242228792
2024-12-26 12:18:47.424316,,,0.29195102677784657
2024-12-26 12:18:47.460647,,,0.30188861943602163
2024-12-26 12:18:47.494647,,,0.2787643239162954
2024-12-26 12:18:47.527658,2024-12-26 12:18:47.697899,0.170241,0.255730487192497
2024-12-26 12:18:47.697899,,,0.255730487192497
2024-12-26 12:18:47.732498,,,0.2761584157812942
2024-12-26 12:18:47.767477,,,0.2761584157812942
2024-12-26 12:18:47.805474,,,0.2889143348758546
2024-12-26 12:18:47.843228,,,0.28115185278848026
2024-12-26 12:18:47.880122,,,0.2676217745463594
2024-12-26 12:18:47.918168,,,0.27086692625356745
2024-12-26 12:18:47.958661,,,0.28016769975857136
2024-12-26 12:18:47.997677,,,0.2866096075578764
2024-12-26 12:18:48.035174,,,0.2680069593698173
2024-12-26 12:18:48.075173,,,0.28788662480192645
2024-12-26 12:18:48.113174,,,0.30038662480192646
2024-12-26 12:18:48.148687,,,0.2694342438495455
2024-12-26 12:18:48.187124,,,0.2821185343140495
2024-12-26 12:18:48.221129,,,0.27022724696018713
2024-12-26 12:18:48.256639,,,0.28241616066215935
2024-12-26 12:18:48.297639,,,0.28123735692891194
2024-12-26 12:18:48.341160,,,0.27499372807034494
2024-12-26 12:18:48.380192,,,0.2761725318035924
2024-12-26 12:18:48.416198,,,0.30546090541748927
2024-12-26 12:18:48.450355,,,0.29422903587690524
2024-12-26 12:18:48.485355,,,0.2932437676590693
2024-12-26 12:18:48.521241,,,0.2932437676590693
2024-12-26 12:18:48.556747,,,0.3009710258655618
2024-12-26 12:18:48.592732,,,0.2932437676590693
2024-12-26 12:18:48.627479,,,0.3009710258655618
2024-12-26 12:18:48.662066,,,0.2797357241476801
2024-12-26 12:18:48.697286,,,0.29422903587690524
2024-12-26 12:18:48.733477,,,0.3009710258655618
2024-12-26 12:18:48.770478,,,0.2932437676590693
2024-12-26 12:18:48.808479,,,0.29222068172322835
2024-12-26 12:18:48.844018,,,0.30038662480192646
2024-12-26 12:18:48.878994,,,0.2932437676590693
2024-12-26 12:18:48.917996,,,0.2932437676590693
2024-12-26 12:18:48.954506,,,0.2867502611655628
2024-12-26 12:18:48.990509,,,0.30038662480192646
2024-12-26 12:18:49.024587,,,0.3064461736353252
2024-12-26 12:18:49.059732,,,0.278760358374313
2024-12-26 12:18:49.096760,,,0.2932437676590693
2024-12-26 12:18:49.134837,,,0.2952143040947412
2024-12-26 12:18:49.169838,,,0.28525386486781945
2024-12-26 12:18:49.207840,,,0.30613379778166716
2024-12-26 12:18:49.243873,,,0.3051485295638312
2024-12-26 12:18:49.278886,,,0.30088063931569375
2024-12-26 12:18:49.312708,,,0.30915557461011794
2024-12-26 12:18:49.344598,,,0.3161674122247161
2024-12-26 12:18:49.376547,,,0.3051107118458262
2024-12-26 12:18:49.412605,,,0.30595751343204586
2024-12-26 12:18:49.448182,,,0.33011647460636395
2024-12-26 12:18:49.481179,,,0.29222068172322835
2024-12-26 12:18:49.513951,,,0.29304314014234256
2024-12-26 12:18:49.548021,,,0.29422903587690524
2024-12-26 12:18:49.581125,,,0.3094775338928355
2024-12-26 12:18:49.615246,,,0.30613379778166716
2024-12-26 12:18:49.651643,,,0.34126549176193477
2024-12-26 12:18:49.684645,,,0.2951567844965424
2024-12-26 12:18:49.718664,,,0.2931421188336738
2024-12-26 12:18:49.751190,,,0.3324347204112932
2024-12-26 12:18:49.785191,,,0.33564106638803387
2024-12-26 12:18:49.820196,,,0.3182117127016021
2024-12-26 12:18:49.850768,,,0.3305680732985071
2024-12-26 12:18:49.884753,,,0.3183509355400871
2024-12-26 12:18:49.916797,,,0.30880591621389286
2024-12-26 12:18:49.951402,,,0.3173656673222512
2024-12-26 12:18:49.984291,,,0.3246450192601362
2024-12-26 12:18:50.018504,,,0.3180355859330596
2024-12-26 12:18:50.051912,,,0.317190498160557
2024-12-26 12:18:50.084925,,,0.30529921080669464
2024-12-26 12:18:50.117120,,,0.3180355859330596
2024-12-26 12:18:50.152532,,,0.3223373315514758
2024-12-26 12:18:50.187546,,,0.317190498160557
2024-12-26 12:18:50.220597,,,0.2940272931722515
2024-12-26 12:18:50.253386,,,0.30529921080669464
2024-12-26 12:18:50.285385,,,0.3086307470521987
2024-12-26 12:18:50.317606,,,0.3062833638366035
2024-12-26 12:18:50.351109,,,0.2940662260781835
2024-12-26 12:18:50.382124,,,0.29304314014234256
2024-12-26 12:18:50.415229,,,0.2954423296041226
2024-12-26 12:18:50.448161,,,0.29279558607693806
2024-12-26 12:18:50.480200,,,0.30792673384009567
2024-12-26 12:18:50.513217,,,0.3199720360141162
2024-12-26 12:18:50.546767,,,0.3279305469205947
2024-12-26 12:18:50.580762,,,0.3170234125966412
2024-12-26 12:18:50.611764,,,0.2940662260781835
2024-12-26 12:18:50.644288,,,0.3170234125966412
2024-12-26 12:18:50.677305,,,0.29422903587690524
2024-12-26 12:18:50.710306,,,0.33025272369147957
2024-12-26 12:18:50.741819,,,0.30490949933678957
2024-12-26 12:18:50.774848,,,0.3062833638366035
2024-12-26 12:18:50.809801,,,0.3281057160822889
2024-12-26 12:18:50.844533,,,0.3124166133920231
2024-12-26 12:18:50.878550,,,0.30529921080669464
2024-12-26 12:18:50.912285,,,0.317190498160557
2024-12-26 12:18:50.946991,,,0.2940662260781835
2024-12-26 12:18:50.979869,,,0.29308207304827466
2024-12-26 12:18:51.012869,,,0.30392534630688073
2024-12-26 12:18:51.044830,,,0.2823682551841838
2024-12-26 12:18:51.075729,,,0.31666172143324567
2024-12-26 12:18:51.106728,,,0.28580918801660893
2024-12-26 12:18:51.138343,,,0.3197485051643564
2024-12-26 12:18:51.171241,,,0.2907969913235077
2024-12-26 12:18:51.203256,,,0.2833524082140927
2024-12-26 12:18:51.235657,,,0.28109761518293835
2024-12-26 12:18:51.269911,,,0.29993220915605
2024-12-26 12:18:51.302941,,,0.28755511296211617
2024-12-26 12:18:51.335834,,,0.29422903587690524
2024-12-26 12:18:51.370774,,,0.29304314014234256
2024-12-26 12:18:51.401875,,,0.29377973910684696
2024-12-26 12:18:51.435163,,,0.2940662260781835
2024-12-26 12:18:51.468179,,,0.29308207304827466
2024-12-26 12:18:51.500179,,,0.29436667483641854
2024-12-26 12:18:51.533746,,,0.2980242461054312
2024-12-26 12:18:51.566789,,,0.2862391330856554
2024-12-26 12:18:51.598747,,,0.3175163485651146
2024-12-26 12:18:51.630750,,,0.29561388300841895
2024-12-26 12:18:51.664360,,,0.2821749387243212
2024-12-26 12:18:51.697363,,,0.2940662260781835
2024-12-26 12:18:51.730282,,,0.29308207304827466
2024-12-26 12:18:51.763579,,,0.3051485295638312
2024-12-26 12:18:51.796578,,,0.2795950705399937
2024-12-26 12:18:51.829584,,,0.29973367648706317
2024-12-26 12:18:51.862643,,,0.30613379778166716
2024-12-26 12:18:51.895786,,,0.3101786605459589
2024-12-26 12:18:51.928791,,,0.3101653637913092
2024-12-26 12:18:51.962247,,,0.2988267453162964
2024-12-26 12:18:51.995139,,,0.28073759367659756
2024-12-26 12:18:52.027140,,,0.3170234125966412
2024-12-26 12:18:52.062654,,,0.30490949933678957
2024-12-26 12:18:52.095637,,,0.3040384027995531
2024-12-26 12:18:52.127642,,,0.3171862223953629
2024-12-26 12:18:52.160210,,,0.2797534406466887
2024-12-26 12:18:52.192209,,,0.28008317345941686
2024-12-26 12:18:52.225232,,,0.28016769975857136
2024-12-26 12:18:52.257477,,,0.3180075656265501
2024-12-26 12:18:52.293157,,,0.31666172143324567
2024-12-26 12:18:52.328595,,,0.30613379778166716
2024-12-26 12:18:52.366690,,,0.3287756346930973
2024-12-26 12:18:52.401833,,,0.32073377338219233
2024-12-26 12:18:52.437675,,,0.3305680732985071
2024-12-26 12:18:52.473678,,,0.33042885046002207
2024-12-26 12:18:52.508674,,,0.29422903587690524
2024-12-26 12:18:52.544820,,,0.29279558607693806
2024-12-26 12:18:52.580582,,,0.3181714906131989
2024-12-26 12:18:52.615371,,,0.3181714906131989
2024-12-26 12:18:52.650888,,,0.2940662260781835
2024-12-26 12:18:52.685889,,,0.3289517614616398
2024-12-26 12:18:52.720926,,,0.2934079234528323
2024-12-26 12:18:52.755953,,,0.31045998785461015
2024-12-26 12:18:52.791956,,,0.2997662585444341
2024-12-26 12:18:52.831963,,,0.3190197389629684
2024-12-26 12:18:52.866530,,,0.317190498160557
2024-12-26 12:18:52.903533,,,0.3111181737740966
2024-12-26 12:18:52.938755,,,0.29705519707731554
2024-12-26 12:18:52.972861,,,0.29705519707731554
2024-12-26 12:18:53.004687,,,0.2950503791080924
2024-12-26 12:18:53.039125,,,0.2980393501072245
2024-12-26 12:18:53.074901,,,0.2989429764141632
2024-12-26 12:18:53.109946,,,0.29705519707731554
2024-12-26 12:18:53.144711,,,0.2940662260781835
2024-12-26 12:18:53.179891,,,0.29279558607693806
2024-12-26 12:18:53.214913,,,0.2950503791080924
2024-12-26 12:18:53.250236,,,0.2950503791080924
2024-12-26 12:18:53.284821,,,0.2950503791080924
2024-12-26 12:18:53.320531,,,0.3046868734308004
2024-12-26 12:18:53.356428,,,0.2940662260781835
2024-12-26 12:18:53.391788,,,0.2833524082140927
2024-12-26 12:18:53.426790,,,0.2950503791080924
2024-12-26 12:18:53.460306,,,0.3072675168665124
2024-12-26 12:18:53.495305,,,0.29377973910684696
2024-12-26 12:18:53.532310,,,0.2950503791080924
2024-12-26 12:18:53.568604,,,0.2950503791080924
2024-12-26 12:18:53.603341,,,0.2950503791080924
2024-12-26 12:18:53.636651,,,0.2910796664205852
2024-12-26 12:18:53.673608,,,0.2940662260781835
2024-12-26 12:18:53.711652,,,0.29377973910684696
2024-12-26 12:18:53.746223,,,0.29178114435341657
2024-12-26 12:18:53.779535,,,0.29377973910684696
2024-12-26 12:18:53.812790,,,0.28208176821284725
2024-12-26 12:18:53.845976,,,0.2870516890603008
2024-12-26 12:18:53.881292,,,0.2929583958756598
2024-12-26 12:18:53.916415,,,0.29705519707731554
2024-12-26 12:18:53.950874,,,0.2870516890603008
2024-12-26 12:18:53.985861,,,0.3058184481746396
2024-12-26 12:18:54.017861,,,0.2950503791080924
2024-12-26 12:18:54.051502,,,0.2950503791080924
2024-12-26 12:18:54.085399,,,0.2950503791080924
2024-12-26 12:18:54.120802,2024-12-26 12:18:54.232303,0.111501,0.25263304394990016
2024-12-26 12:18:54.232303,,,0.25263304394990016
2024-12-26 12:18:54.265835,,,0.2505855225369299
2024-12-26 12:18:54.300812,,,0.2700237758125067
2024-12-26 12:18:54.337356,,,0.30490949933678957
2024-12-26 12:18:54.375355,,,0.27074271060633714
2024-12-26 12:18:54.415353,,,0.3058936523666985
2024-12-26 12:18:54.457534,,,0.31697707104027323
2024-12-26 12:18:54.495534,,,0.28232932227825175
2024-12-26 12:18:54.532539,,,0.33783643316204814
2024-12-26 12:18:54.571112,,,0.3058184481746396
2024-12-26 12:18:54.608108,,,0.3089464844311779
2024-12-26 12:18:54.646667,,,0.3267059422456762
2024-12-26 12:18:54.685667,,,0.29890103601567664
2024-12-26 12:18:54.722692,,,0.3172841832997591
2024-12-26 12:18:54.764256,,,0.2940662260781835
2024-12-26 12:18:54.800238,,,0.3182117127016021
2024-12-26 12:18:54.836818,,,0.2833524082140927
2024-12-26 12:18:54.870820,,,0.304973360402137
2024-12-26 12:18:54.908814,,,0.29260026374391956
2024-12-26 12:18:54.945845,,,0.2811907856944123
2024-12-26 12:18:54.989628,,,0.2950503791080924
