Blink Start Time,Blink End Time,Blink Duration (seconds),EAR
2024-12-26 13:21:21.582071,,,0.2943028097756346
2024-12-26 13:21:21.772772,,,0.28968006762869025
2024-12-26 13:21:21.806426,,,0.2748687959957484
2024-12-26 13:21:21.838865,,,0.2904854944969538
2024-12-26 13:21:21.871009,,,0.2904854944969538
2024-12-26 13:21:21.905715,,,0.2890318379842489
2024-12-26 13:21:23.153882,,,0.27615858530884874
2024-12-26 13:21:23.219501,,,0.2748787599320429
2024-12-26 13:21:23.252506,,,0.2669538243340459
2024-12-26 13:21:23.296954,,,0.254369003490606
2024-12-26 13:21:23.428931,2024-12-26 13:21:23.559026,0.130095,0.2741935209887527
2024-12-26 13:21:23.559026,,,0.2741935209887527
2024-12-26 13:21:23.634537,,,0.2937246249758707
2024-12-26 13:21:23.697040,2024-12-26 13:21:24.068927,0.371887,0.2505474650836991
2024-12-26 13:21:24.068927,,,0.2505474650836991
2024-12-26 13:21:24.101436,,,0.2668318622293024
2024-12-26 13:21:24.134453,2024-12-26 13:21:24.197945,0.063492,0.25188360480065214
2024-12-26 13:21:24.197945,,,0.25188360480065214
2024-12-26 13:21:24.244497,2024-12-26 13:21:24.280978,0.036481,0.25624980417285115
2024-12-26 13:21:24.280978,,,0.25624980417285115
2024-12-26 13:21:24.316263,,,0.2546143909169347
2024-12-26 13:21:24.352184,2024-12-26 13:21:24.491595,0.139411,0.25807987337118476
2024-12-26 13:21:24.491595,,,0.25807987337118476
2024-12-26 13:21:24.528595,2024-12-26 13:21:24.633805,0.10521,0.25977745311277
2024-12-26 13:21:24.633805,,,0.25977745311277
2024-12-26 13:21:24.668807,,,0.2511806977411777
2024-12-26 13:21:24.703881,2024-12-26 13:21:24.773633,0.069752,0.2671584707505358
2024-12-26 13:21:24.773633,,,0.2671584707505358
2024-12-26 13:21:24.806147,,,0.28164058190962304
2024-12-26 13:21:24.841146,,,0.2664635878455558
2024-12-26 13:21:24.876182,,,0.2872100289444436
2024-12-26 13:21:24.911713,,,0.2959478461877927
2024-12-26 13:21:24.944692,,,0.28806808297172687
2024-12-26 13:21:24.978695,,,0.3169992278636681
2024-12-26 13:21:25.012824,,,0.27976047669429327
2024-12-26 13:21:25.050165,,,0.3081829692480713
2024-12-26 13:21:25.086664,,,0.31021416681763203
2024-12-26 13:21:25.122664,,,0.306196005270814
2024-12-26 13:21:25.156664,,,0.30265149092673316
2024-12-26 13:21:25.192725,,,0.3042677854188768
2024-12-26 13:21:25.227725,,,0.3015777491141408
2024-12-26 13:21:25.399757,,,0.25958671651407794
2024-12-26 13:21:25.434757,2024-12-26 13:21:25.470763,0.036006,0.2991114246489702
2024-12-26 13:21:25.470763,,,0.2991114246489702
2024-12-26 13:21:25.506269,2024-12-26 13:21:25.540267,0.033998,0.27808761024036655
2024-12-26 13:21:25.540267,,,0.27808761024036655
2024-12-26 13:21:25.575273,,,0.279622304287767
2024-12-26 13:21:25.610808,,,0.28766497848459394
2024-12-26 13:21:25.646783,,,0.27949950356693093
2024-12-26 13:21:25.682112,,,0.3025411731334693
2024-12-26 13:21:25.717232,,,0.286614426459022
2024-12-26 13:21:25.751221,,,0.3495550848277864
2024-12-26 13:21:25.784708,,,0.30215415818723995
2024-12-26 13:21:25.816709,,,0.28585346996460004
2024-12-26 13:21:25.848709,,,0.2721999128498046
2024-12-26 13:21:25.883236,,,0.2512225000170304
2024-12-26 13:21:25.920235,,,0.25775428890504415
2024-12-26 13:21:25.955258,,,0.2702622477407666
2024-12-26 13:21:25.988775,,,0.28336769955852026
2024-12-26 13:21:26.024774,,,0.27504349806704587
2024-12-26 13:21:26.054775,,,0.252010574336447
2024-12-26 13:21:26.091350,,,0.2661133466712266
2024-12-26 13:21:26.124817,,,0.2844659639270761
2024-12-26 13:21:26.163206,,,0.27912884166050955
2024-12-26 13:21:26.198720,,,0.2933586669173905
2024-12-26 13:21:26.236717,,,0.2812600944769936
2024-12-26 13:21:26.272720,,,0.3051790170728227
2024-12-26 13:21:26.307230,,,0.2996809488828621
2024-12-26 13:21:26.342244,,,0.2763951226611995
2024-12-26 13:21:26.379233,,,0.2844072745268878
2024-12-26 13:21:26.414089,,,0.3296601013696564
2024-12-26 13:21:26.448104,,,0.30302394455185305
2024-12-26 13:21:26.482596,,,0.2995533855733798
2024-12-26 13:21:26.518615,,,0.2996809488828621
2024-12-26 13:21:26.554597,2024-12-26 13:21:26.590173,0.035576,0.3010562712144176
2024-12-26 13:21:26.590173,,,0.3010562712144176
2024-12-26 13:21:26.628173,,,0.28516076994631717
2024-12-26 13:21:26.664476,,,0.3023454839724615
2024-12-26 13:21:26.709993,,,0.33208639990241295
2024-12-26 13:21:26.749992,,,0.3239683859095393
2024-12-26 13:21:26.783600,,,0.2869040219901719
2024-12-26 13:21:26.819160,,,0.3096006657398421
2024-12-26 13:21:26.852977,,,0.3187705984135901
2024-12-26 13:21:26.885868,,,0.31415854151930445
2024-12-26 13:21:26.919868,,,0.3149948475556694
2024-12-26 13:21:26.949868,,,0.28545782655245966
2024-12-26 13:21:26.982575,,,0.3007079627495277
2024-12-26 13:21:27.014897,,,0.3161286872363241
2024-12-26 13:21:27.048091,,,0.3014689192439497
2024-12-26 13:21:27.081111,,,0.30774068356018597
2024-12-26 13:21:27.114640,,,0.30374500547005323
2024-12-26 13:21:27.145639,,,0.32830354238981274
2024-12-26 13:21:27.178553,,,0.2951868896933707
2024-12-26 13:21:27.211181,,,0.3007770730798038
2024-12-26 13:21:27.243181,,,0.25958671651407794
2024-12-26 13:21:27.278111,2024-12-26 13:21:27.378565,0.100454,0.28011155917905184
2024-12-26 13:21:27.378565,,,0.28011155917905184
2024-12-26 13:21:27.410709,2024-12-26 13:21:27.445354,0.034645,0.2832682092931447
2024-12-26 13:21:27.445354,,,0.2832682092931447
2024-12-26 13:21:27.477360,,,0.29644170523162966
2024-12-26 13:21:27.509132,2024-12-26 13:21:27.605754,0.096622,0.3028760374357516
2024-12-26 13:21:27.605754,,,0.3028760374357516
2024-12-26 13:21:27.649736,,,0.2652587177119372
2024-12-26 13:21:27.681300,2024-12-26 13:21:27.712859,0.031559,0.25827936965515463
2024-12-26 13:21:27.712859,,,0.25827936965515463
2024-12-26 13:21:27.747061,,,0.25778873965411137
2024-12-26 13:21:27.781538,2024-12-26 13:21:27.813294,0.031756,0.2872100289444436
2024-12-26 13:21:27.813294,,,0.2872100289444436
2024-12-26 13:21:27.847243,,,0.28827088148982694
2024-12-26 13:21:27.879676,,,0.30347438628226764
2024-12-26 13:21:27.910191,,,0.3040847970972364
2024-12-26 13:21:27.956095,2024-12-26 13:21:27.989825,0.03373,0.26613697932432245
2024-12-26 13:21:27.989825,,,0.26613697932432245
2024-12-26 13:21:28.022723,,,0.2869040219901719
2024-12-26 13:21:28.057130,,,0.2869040219901719
2024-12-26 13:21:28.091237,,,0.28766497848459394
2024-12-26 13:21:28.123238,,,0.3028760374357516
2024-12-26 13:21:28.156345,2024-12-26 13:21:28.188929,0.032584,0.3083580340365259
2024-12-26 13:21:28.188929,,,0.3083580340365259
2024-12-26 13:21:28.222162,,,0.28827088148982694
2024-12-26 13:21:28.257778,,,0.28363452614567153
2024-12-26 13:21:28.290759,,,0.2949955097939174
2024-12-26 13:21:28.322714,,,0.2894045799399103
2024-12-26 13:21:28.355715,,,0.2735431860235992
2024-12-26 13:21:28.387228,,,0.28039035384799277
2024-12-26 13:21:28.419232,,,0.3051790170728227
2024-12-26 13:21:28.451227,,,0.2872996654023122
2024-12-26 13:21:28.488591,,,0.2951990735283135
2024-12-26 13:21:28.517699,,,0.30271793759758137
2024-12-26 13:21:28.561504,,,0.27294080159784245
2024-12-26 13:21:28.594046,,,0.26807479568989523
2024-12-26 13:21:28.630047,,,0.27392972749561695
2024-12-26 13:21:28.666046,,,0.25958671651407794
2024-12-26 13:21:28.702592,,,0.2872100289444436
2024-12-26 13:21:28.737596,,,0.25323647869439897
2024-12-26 13:21:28.771599,,,0.2884622613892802
2024-12-26 13:21:28.806110,,,0.2886562243821558
2024-12-26 13:21:28.841450,2024-12-26 13:21:28.876031,0.034581,0.2689413001050397
2024-12-26 13:21:28.876031,,,0.2689413001050397
2024-12-26 13:21:28.911522,,,0.27961958468324843
2024-12-26 13:21:28.949089,,,0.2801793936860814
2024-12-26 13:21:28.983595,,,0.2801793936860814
2024-12-26 13:21:29.018602,,,0.28827088148982694
2024-12-26 13:21:29.054600,,,0.3095667936980107
2024-12-26 13:21:29.088117,,,0.2807421352702471
2024-12-26 13:21:29.123131,,,0.27776198216085446
2024-12-26 13:21:29.158133,,,0.27409684290421377
2024-12-26 13:21:29.192679,,,0.29375287809060124
2024-12-26 13:21:29.227677,,,0.27776198216085446
2024-12-26 13:21:29.262677,,,0.27410672397570285
2024-12-26 13:21:29.297254,,,0.2814956306896765
2024-12-26 13:21:29.333255,,,0.2788125341864264
2024-12-26 13:21:29.368254,,,0.29663308513108294
2024-12-26 13:21:29.403799,,,0.29270837198554134
2024-12-26 13:21:29.438795,,,0.2875459575437671
2024-12-26 13:21:29.475182,,,0.2944696844405653
2024-12-26 13:21:29.508745,,,0.2728537068516521
2024-12-26 13:21:29.544482,,,0.2886562243821558
2024-12-26 13:21:29.578269,,,0.2844969109847565
2024-12-26 13:21:29.614241,,,0.27976047669429327
2024-12-26 13:21:29.649245,,,0.28827088148982694
2024-12-26 13:21:29.687588,,,0.28585346996460004
2024-12-26 13:21:29.722908,,,0.3087053138358001
2024-12-26 13:21:29.757841,,,0.3042677854188768
2024-12-26 13:21:29.793305,,,0.2689413001050397
2024-12-26 13:21:29.827841,2024-12-26 13:21:29.963500,0.135659,0.2663905387875979
2024-12-26 13:21:29.963500,,,0.2663905387875979
2024-12-26 13:21:29.997039,,,0.26568039077986744
2024-12-26 13:21:30.032038,,,0.286614426459022
2024-12-26 13:21:30.065056,,,0.2945138345850232
2024-12-26 13:21:30.101559,,,0.31823689485657364
2024-12-26 13:21:30.134574,,,0.3240387213591993
2024-12-26 13:21:30.169567,,,0.3095667936980107
2024-12-26 13:21:30.202123,,,0.31100080530078017
2024-12-26 13:21:30.237123,,,0.3079995538105052
2024-12-26 13:21:30.273126,,,0.3237309501333119
2024-12-26 13:21:30.307650,,,0.33931687215095985
2024-12-26 13:21:30.339650,,,0.316501140861444
2024-12-26 13:21:30.372670,,,0.3353019815223657
2024-12-26 13:21:30.409165,,,0.30687973411392677
2024-12-26 13:21:30.445161,,,0.3197721272425278
2024-12-26 13:21:30.476190,,,0.316501140861444
2024-12-26 13:21:30.509817,,,0.3042677854188768
2024-12-26 13:21:30.543816,,,0.2974015027004976
2024-12-26 13:21:30.578853,,,0.2940649309653849
2024-12-26 13:21:30.612357,,,0.2595711381809357
2024-12-26 13:21:30.643357,,,0.27194896801471835
2024-12-26 13:21:30.675484,,,0.2945138345850232
2024-12-26 13:21:30.707887,,,0.28806808297172687
2024-12-26 13:21:30.741990,,,0.25977745311277
2024-12-26 13:21:30.778386,,,0.2812449761854712
2024-12-26 13:21:30.813904,,,0.26807479568989523
2024-12-26 13:21:30.845905,,,0.3200228562046903
2024-12-26 13:21:30.878016,,,0.30979204563929535
2024-12-26 13:21:30.911598,2024-12-26 13:21:30.942599,0.031001,0.2852313793656915
2024-12-26 13:21:30.942599,,,0.2852313793656915
2024-12-26 13:21:30.974603,,,0.28196712628611886
2024-12-26 13:21:31.006230,,,0.3253685254704774
2024-12-26 13:21:31.038741,,,0.2739789396165372
2024-12-26 13:21:31.072890,,,0.2872100289444436
2024-12-26 13:21:31.106401,,,0.2886562243821558
2024-12-26 13:21:31.139324,,,0.2671154627336577
2024-12-26 13:21:31.171426,,,0.2682914930278735
2024-12-26 13:21:31.204566,,,0.2641045516179764
2024-12-26 13:21:31.235567,,,0.259265131226664
2024-12-26 13:21:31.267566,,,0.27194896801471835
2024-12-26 13:21:31.300289,,,0.30787326849257574
2024-12-26 13:21:31.333292,,,0.2818145527804399
2024-12-26 13:21:31.366307,,,0.2710865487411127
2024-12-26 13:21:31.398804,,,0.27633032500591476
2024-12-26 13:21:31.431803,,,0.27911854114069806
2024-12-26 13:21:31.464820,2024-12-26 13:21:31.498394,0.033574,0.2803805411776704
2024-12-26 13:21:31.498394,,,0.2803805411776704
2024-12-26 13:21:31.531409,,,0.29348225890281565
2024-12-26 13:21:31.564393,,,0.28095828767331976
2024-12-26 13:21:31.596054,,,0.30979204563929535
2024-12-26 13:21:31.626598,,,0.2663905387875979
2024-12-26 13:21:31.657600,,,0.2535858660054955
2024-12-26 13:21:31.688461,,,0.25845990565031374
2024-12-26 13:21:31.720446,2024-12-26 13:21:31.817210,0.096764,0.2508364972000392
2024-12-26 13:21:31.817210,,,0.2508364972000392
2024-12-26 13:21:31.849202,,,0.27697226055950996
2024-12-26 13:21:31.884174,,,0.2951868896933707
2024-12-26 13:21:31.914791,,,0.2641156006640792
2024-12-26 13:21:31.948036,,,0.2663905387875979
2024-12-26 13:21:31.980341,,,0.3083580340365259
2024-12-26 13:21:32.013499,,,0.31258512236925096
2024-12-26 13:21:32.045502,,,0.2877373374432204
2024-12-26 13:21:32.079230,,,0.2582340053623747
2024-12-26 13:21:32.111004,,,0.29306017807231843
2024-12-26 13:21:32.145910,,,0.29596749109772813
2024-12-26 13:21:32.181008,,,0.3036348501843633
2024-12-26 13:21:32.213728,,,0.30139976221333786
2024-12-26 13:21:32.246724,,,0.29375287809060124
2024-12-26 13:21:32.279651,,,0.2951868896933707
2024-12-26 13:21:32.312143,,,0.29375287809060124
2024-12-26 13:21:32.346142,,,0.3052891723585126
2024-12-26 13:21:32.379167,,,0.2626871278130075
2024-12-26 13:21:32.413682,,,0.27961958468324843
2024-12-26 13:21:32.448354,2024-12-26 13:21:32.479401,0.031047,0.29664266538652573
2024-12-26 13:21:32.479401,,,0.29664266538652573
2024-12-26 13:21:32.513215,,,0.29375287809060124
2024-12-26 13:21:32.547105,,,0.30411289428901256
2024-12-26 13:21:32.584108,,,0.286614426459022
2024-12-26 13:21:32.616678,,,0.31369838644388814
2024-12-26 13:21:32.649663,,,0.3010562712144176
2024-12-26 13:21:32.684681,,,0.32260470975642985
2024-12-26 13:21:32.718197,,,0.3043282171429912
2024-12-26 13:21:32.751215,,,0.3089556793404188
2024-12-26 13:21:32.787891,,,0.3089556793404188
2024-12-26 13:21:32.823498,,,0.3089556793404188
2024-12-26 13:21:32.858495,,,0.3028337738161073
2024-12-26 13:21:32.895568,,,0.305803017804831
2024-12-26 13:21:32.936570,,,0.29134151248588624
2024-12-26 13:21:32.976576,,,0.29375287809060124
2024-12-26 13:21:33.014764,,,0.3010562712144176
2024-12-26 13:21:33.055764,,,0.3171973701431542
2024-12-26 13:21:33.095993,,,0.2731473910194654
2024-12-26 13:21:33.132992,2024-12-26 13:21:33.279960,0.146968,0.2726506474665016
2024-12-26 13:21:33.279960,,,0.2726506474665016
2024-12-26 13:21:33.314971,2024-12-26 13:21:33.353117,0.038146,0.3052891723585126
2024-12-26 13:21:33.353117,,,0.3052891723585126
2024-12-26 13:21:33.390634,,,0.2945138345850232
2024-12-26 13:21:33.432633,,,0.2945138345850232
2024-12-26 13:21:33.471636,,,0.28942464195157047
2024-12-26 13:21:33.508171,,,0.2872100289444436
2024-12-26 13:21:33.544193,,,0.31933957700884835
2024-12-26 13:21:33.577584,,,0.27776198216085446
2024-12-26 13:21:33.612095,,,0.30261136830928076
2024-12-26 13:21:33.646897,,,0.2934191324149934
2024-12-26 13:21:33.681945,,,0.2738400910377482
2024-12-26 13:21:33.717455,,,0.286614426459022
2024-12-26 13:21:33.750456,,,0.3041775044020042
2024-12-26 13:21:33.785460,,,0.28039035384799277
2024-12-26 13:21:33.827973,,,0.3193906800397139
2024-12-26 13:21:33.862038,,,0.29649505826830747
2024-12-26 13:21:33.896527,,,0.2818145527804399
2024-12-26 13:21:33.931527,,,0.3250421277221317
2024-12-26 13:21:33.966525,,,0.2794544697400216
2024-12-26 13:21:34.002045,,,0.3248750273955643
2024-12-26 13:21:34.038044,,,0.31629746792261315
2024-12-26 13:21:34.073045,,,0.2951868896933707
2024-12-26 13:21:34.111065,,,0.2986563182387565
2024-12-26 13:21:34.145066,,,0.295061046665538
2024-12-26 13:21:34.181117,,,0.3106283516756603
2024-12-26 13:21:34.215435,,,0.3106283516756603
2024-12-26 13:21:34.250417,,,0.30181518489036824
2024-12-26 13:21:34.285420,,,0.2945138345850232
2024-12-26 13:21:34.320488,,,0.3010562712144176
2024-12-26 13:21:34.355488,,,0.2872100289444436
2024-12-26 13:21:34.388532,,,0.2937406942556585
2024-12-26 13:21:34.423773,,,0.3012949319468896
2024-12-26 13:21:34.455773,,,0.2832682092931447
2024-12-26 13:21:34.488431,,,0.30897532425035423
2024-12-26 13:21:34.521450,,,0.2949955097939174
2024-12-26 13:21:34.554438,,,0.30215415818723995
2024-12-26 13:21:34.588676,,,0.3197721272425278
2024-12-26 13:21:34.619683,,,0.2812673406999251
2024-12-26 13:21:34.654610,,,0.2951868896933707
2024-12-26 13:21:34.686721,,,0.2736040440358676
2024-12-26 13:21:34.717514,,,0.28003172342593596
2024-12-26 13:21:34.752529,,,0.2818145527804399
2024-12-26 13:21:34.784544,,,0.2738400910377482
2024-12-26 13:21:34.816254,,,0.2945138345850232
2024-12-26 13:21:34.849656,,,0.2951868896933707
2024-12-26 13:21:34.881754,,,0.2818145527804399
2024-12-26 13:21:34.913281,,,0.2671340472925723
2024-12-26 13:21:34.951641,,,0.26826878171451374
2024-12-26 13:21:34.984937,,,0.2959478461877927
2024-12-26 13:21:35.018712,,,0.2945138345850232
2024-12-26 13:21:35.052696,,,0.280360896267735
2024-12-26 13:21:35.084724,,,0.2673498717438354
2024-12-26 13:21:35.118257,,,0.2824997917237301
2024-12-26 13:21:35.150358,,,0.2949955097939174
2024-12-26 13:21:35.184246,,,0.2829492872023813
2024-12-26 13:21:35.218146,,,0.2826049668551196
2024-12-26 13:21:35.251233,,,0.2928257551835427
2024-12-26 13:21:35.283355,,,0.2639172063352989
2024-12-26 13:21:35.314755,,,0.2738400910377482
2024-12-26 13:21:35.347755,,,0.25342962938742114
2024-12-26 13:21:35.380761,2024-12-26 13:21:35.413267,0.032506,0.33258727091550877
2024-12-26 13:21:35.413267,,,0.33258727091550877
2024-12-26 13:21:35.446267,2024-12-26 13:21:35.512836,0.066569,0.27309491780191864
2024-12-26 13:21:35.512836,,,0.27309491780191864
2024-12-26 13:21:35.546852,,,0.2576879212740108
2024-12-26 13:21:35.579881,,,0.2689413001050397
2024-12-26 13:21:35.611485,,,0.25114988029146607
2024-12-26 13:21:35.649375,2024-12-26 13:21:35.682377,0.033002,0.2663905387875979
2024-12-26 13:21:35.682377,,,0.2663905387875979
2024-12-26 13:21:35.715972,,,0.2810535962860179
2024-12-26 13:21:35.746947,,,0.2674876435923349
2024-12-26 13:21:35.778973,,,0.2792707669315139
2024-12-26 13:21:35.812513,,,0.3003694905316264
2024-12-26 13:21:35.846528,,,0.2565805561852318
2024-12-26 13:21:35.880533,,,0.30979204563929535
2024-12-26 13:21:35.914081,,,0.3106283516756603
2024-12-26 13:21:35.943764,,,0.3042677854188768
2024-12-26 13:21:35.985276,,,0.28630332584045093
2024-12-26 13:21:36.019830,,,0.2664484403400932
2024-12-26 13:21:36.051829,,,0.2728446615516958
2024-12-26 13:21:36.084943,,,0.27954082745962483
2024-12-26 13:21:36.116609,,,0.2689413001050397
2024-12-26 13:21:36.148587,,,0.29143609226574135
2024-12-26 13:21:36.179588,,,0.25569707471403114
2024-12-26 13:21:36.211152,,,0.2731473910194654
2024-12-26 13:21:36.243172,2024-12-26 13:21:36.292667,0.049495,0.3091943400728908
2024-12-26 13:21:36.292667,,,0.3091943400728908
2024-12-26 13:21:36.323665,,,0.2663905387875979
2024-12-26 13:21:36.357664,,,0.26589297178866256
2024-12-26 13:21:36.389709,,,0.29012822034706776
2024-12-26 13:21:36.423153,,,0.2738400910377482
2024-12-26 13:21:36.456224,,,0.2937406942556585
2024-12-26 13:21:36.489338,,,0.2612311096254749
2024-12-26 13:21:36.521814,,,0.29012822034706776
2024-12-26 13:21:36.552704,,,0.26418388763759104
2024-12-26 13:21:36.595144,,,0.2689413001050397
2024-12-26 13:21:36.627098,,,0.2530007538852195
2024-12-26 13:21:36.661212,,,0.31184334745589315
2024-12-26 13:21:36.696762,2024-12-26 13:21:36.796839,0.100077,0.3395062659846413
2024-12-26 13:21:36.796839,,,0.3395062659846413
2024-12-26 13:21:36.829738,,,0.30622138328680903
2024-12-26 13:21:36.862845,2024-12-26 13:21:36.897649,0.034804,0.27566796437871477
2024-12-26 13:21:36.897649,,,0.27566796437871477
2024-12-26 13:21:36.932531,,,0.2738400910377482
2024-12-26 13:21:36.964874,2024-12-26 13:21:36.997607,0.032733,0.2671340472925723
2024-12-26 13:21:36.997607,,,0.2671340472925723
2024-12-26 13:21:37.030698,,,0.2546143909169347
2024-12-26 13:21:37.063706,,,0.2533543501849821
2024-12-26 13:21:37.097677,,,0.29649505826830747
2024-12-26 13:21:37.131677,,,0.27951209223560747
2024-12-26 13:21:37.162670,,,0.2832682092931447
2024-12-26 13:21:37.201745,,,0.2895015567770105
2024-12-26 13:21:37.234255,,,0.251288551044729
2024-12-26 13:21:37.268453,,,0.2536440052378165
2024-12-26 13:21:37.300696,2024-12-26 13:21:37.333210,0.032514,0.2726506474665016
2024-12-26 13:21:37.333210,,,0.2726506474665016
2024-12-26 13:21:37.366212,,,0.2522771457381615
2024-12-26 13:21:37.401170,,,0.2533543501849821
2024-12-26 13:21:37.436148,,,0.2659461395419245
2024-12-26 13:21:37.470148,2024-12-26 13:21:37.508682,0.038534,0.2523151469327404
2024-12-26 13:21:37.508682,,,0.2523151469327404
2024-12-26 13:21:37.544660,,,0.2604701531310529
2024-12-26 13:21:37.580529,,,0.270042297503268
2024-12-26 13:21:37.615016,,,0.26568039077986744
2024-12-26 13:21:37.651015,,,0.30979204563929535
2024-12-26 13:21:37.687044,,,0.2528071381044673
2024-12-26 13:21:37.722244,,,0.2597736918308625
2024-12-26 13:21:37.757253,,,0.3047717463471073
2024-12-26 13:21:37.793235,,,0.2579275882329003
2024-12-26 13:21:37.827834,,,0.2754511521266747
2024-12-26 13:21:37.862832,,,0.2644412563750794
2024-12-26 13:21:37.897347,,,0.2508840990004908
2024-12-26 13:21:37.933395,2024-12-26 13:21:37.968786,0.035391,0.27252300876899427
2024-12-26 13:21:37.968786,,,0.27252300876899427
2024-12-26 13:21:38.004329,,,0.27193392097115443
2024-12-26 13:21:38.038328,,,0.27894415841028053
2024-12-26 13:21:38.073348,,,0.278510796825696
2024-12-26 13:21:38.107622,,,0.27186710162529215
2024-12-26 13:21:38.142622,,,0.3317102495446434
2024-12-26 13:21:38.179630,,,0.2673997960546293
2024-12-26 13:21:38.216643,2024-12-26 13:21:38.252643,0.036,0.273290479950998
2024-12-26 13:21:38.252643,,,0.273290479950998
2024-12-26 13:21:38.287843,2024-12-26 13:21:38.323375,0.035532,0.26085751048608613
2024-12-26 13:21:38.323375,,,0.26085751048608613
2024-12-26 13:21:38.358360,,,0.2810535962860179
2024-12-26 13:21:38.393874,,,0.28065266133840755
2024-12-26 13:21:38.428874,2024-12-26 13:21:38.464871,0.035997,0.2884622613892802
2024-12-26 13:21:38.464871,,,0.2884622613892802
2024-12-26 13:21:38.502387,2024-12-26 13:21:38.572386,0.069999,0.2838340645603654
2024-12-26 13:21:38.572386,,,0.2838340645603654
2024-12-26 13:21:38.607903,,,0.26768125937308707
2024-12-26 13:21:38.642900,,,0.3083951499598997
2024-12-26 13:21:38.677823,2024-12-26 13:21:38.711353,0.03353,0.30733711982862333
2024-12-26 13:21:38.711353,,,0.30733711982862333
2024-12-26 13:21:38.743337,,,0.3334248131104115
2024-12-26 13:21:38.779343,,,0.2881319870754371
2024-12-26 13:21:38.813913,,,0.25935207193089105
2024-12-26 13:21:38.846475,2024-12-26 13:21:38.910269,0.063794,0.26508319192867463
2024-12-26 13:21:38.910269,,,0.26508319192867463
2024-12-26 13:21:38.942269,2024-12-26 13:21:38.975268,0.032999,0.272393895600036
2024-12-26 13:21:38.975268,,,0.272393895600036
2024-12-26 13:21:39.006873,,,0.30947814716620436
2024-12-26 13:21:39.039992,,,0.2526669283549947
2024-12-26 13:21:39.074009,,,0.273293700673247
2024-12-26 13:21:39.108531,,,0.2673997960546293
2024-12-26 13:21:39.139631,,,0.2536440052378165
2024-12-26 13:21:39.172632,,,0.27180315482608025
2024-12-26 13:21:39.206213,2024-12-26 13:21:39.242399,0.036186,0.27355679229066954
2024-12-26 13:21:39.242399,,,0.27355679229066954
2024-12-26 13:21:39.276402,,,0.2601956745745746
2024-12-26 13:21:39.308914,,,0.2886562243821558
2024-12-26 13:21:39.341912,,,0.2844029437150862
2024-12-26 13:21:39.374927,,,0.25860784494592337
2024-12-26 13:21:39.409452,,,0.25285704815862975
2024-12-26 13:21:39.444458,,,0.2599070667802592
2024-12-26 13:21:39.480457,2024-12-26 13:21:39.514967,0.03451,0.28663642581678717
2024-12-26 13:21:39.514967,,,0.28663642581678717
2024-12-26 13:21:39.549964,,,0.298314089383207
2024-12-26 13:21:39.587991,,,0.26172779485677006
2024-12-26 13:21:39.623479,,,0.253437070036964
2024-12-26 13:21:39.657494,,,0.25992054204430265
2024-12-26 13:21:39.695329,,,0.286657647611008
2024-12-26 13:21:39.730328,2024-12-26 13:21:39.767328,0.037,0.27194896801471835
2024-12-26 13:21:39.767328,,,0.27194896801471835
2024-12-26 13:21:39.801863,,,0.26568039077986744
2024-12-26 13:21:39.834863,,,0.2951868896933707
2024-12-26 13:21:39.869864,,,0.3024657863840674
2024-12-26 13:21:39.905376,,,0.26776369237809905
2024-12-26 13:21:39.941375,,,0.2674876435923349
2024-12-26 13:21:39.977377,,,0.30120579656799135
2024-12-26 13:21:40.023704,,,0.31100080530078017
2024-12-26 13:21:40.065702,,,0.2886562243821558
2024-12-26 13:21:40.104222,,,0.30834155019862775
2024-12-26 13:21:40.139237,,,0.2728537068516521
2024-12-26 13:21:40.173237,,,0.27248353205790465
2024-12-26 13:21:40.205758,,,0.2884622613892802
2024-12-26 13:21:40.241773,,,0.2689413001050397
2024-12-26 13:21:40.274758,,,0.2783454141500111
2024-12-26 13:21:40.309267,,,0.2657244591477663
2024-12-26 13:21:40.343267,2024-12-26 13:21:40.376285,0.033018,0.2872100289444436
2024-12-26 13:21:40.376285,,,0.2872100289444436
2024-12-26 13:21:40.408827,,,0.2869040219901719
2024-12-26 13:21:40.443826,,,0.2582340053623747
2024-12-26 13:21:40.477824,,,0.2913057152030544
2024-12-26 13:21:40.511338,,,0.27783675532874447
2024-12-26 13:21:40.544352,,,0.26574860323400273
2024-12-26 13:21:40.578337,,,0.27776198216085446
2024-12-26 13:21:40.611067,,,0.29309482045677904
2024-12-26 13:21:40.646084,,,0.2538784142479942
2024-12-26 13:21:40.678068,,,0.2711586775608067
2024-12-26 13:21:40.710653,2024-12-26 13:21:40.745653,0.035,0.26574860323400273
2024-12-26 13:21:40.745653,,,0.26574860323400273
2024-12-26 13:21:40.778739,2024-12-26 13:21:40.811341,0.032602,0.2818145527804399
2024-12-26 13:21:40.811341,,,0.2818145527804399
2024-12-26 13:21:40.846481,,,0.2533298002383644
2024-12-26 13:21:40.880422,,,0.2501687200622489
2024-12-26 13:21:40.916971,,,0.30113106769204256
2024-12-26 13:21:40.950986,,,0.2515470973725146
2024-12-26 13:21:40.984094,,,0.2971663971895678
2024-12-26 13:21:41.016482,,,0.2819537488611127
2024-12-26 13:21:41.049589,2024-12-26 13:21:41.178220,0.128631,0.25285704815862975
2024-12-26 13:21:41.178220,,,0.25285704815862975
2024-12-26 13:21:41.217776,,,0.26605363198956544
2024-12-26 13:21:41.250730,,,0.2902357127947087
2024-12-26 13:21:41.284734,,,0.2663905387875979
2024-12-26 13:21:41.317311,,,0.2671340472925723
2024-12-26 13:21:41.351198,2024-12-26 13:21:41.383294,0.032096,0.2872100289444436
2024-12-26 13:21:41.383294,,,0.2872100289444436
2024-12-26 13:21:41.415116,,,0.2818145527804399
2024-12-26 13:21:41.448410,,,0.2548080066976869
2024-12-26 13:21:41.479521,,,0.2812673406999251
2024-12-26 13:21:41.522479,,,0.2872100289444436
2024-12-26 13:21:41.554583,,,0.2887004804087545
2024-12-26 13:21:41.589613,,,0.27911854114069806
2024-12-26 13:21:41.622748,,,0.2877373374432204
2024-12-26 13:21:41.656778,,,0.2872100289444436
2024-12-26 13:21:41.690680,,,0.2865173289261608
2024-12-26 13:21:41.726804,,,0.30302394455185305
2024-12-26 13:21:41.762805,,,0.2892628943109659
2024-12-26 13:21:41.799317,,,0.295845597344052
2024-12-26 13:21:41.835250,,,0.29596749109772813
2024-12-26 13:21:41.870320,,,0.26768125937308707
2024-12-26 13:21:41.904666,,,0.2951868896933707
2024-12-26 13:21:41.940660,,,0.27206253998545715
2024-12-26 13:21:41.974660,,,0.2712303225341689
2024-12-26 13:21:42.010717,,,0.2734956424052474
2024-12-26 13:21:42.046527,,,0.2752862864754605
2024-12-26 13:21:42.080960,,,0.26302518475450415
2024-12-26 13:21:42.116264,,,0.2525230338819672
2024-12-26 13:21:42.152083,,,0.2578022869383395
2024-12-26 13:21:42.187085,,,0.28686924880844167
2024-12-26 13:21:42.223799,,,0.27976047669429327
2024-12-26 13:21:42.257801,,,0.2663905387875979
2024-12-26 13:21:42.294805,,,0.261629417246991
2024-12-26 13:21:42.327917,,,0.280360896267735
2024-12-26 13:21:42.362919,,,0.2978113548335831
2024-12-26 13:21:42.397432,,,0.2780264622945764
2024-12-26 13:21:42.430432,,,0.27776198216085446
2024-12-26 13:21:42.468252,,,0.2910457236654699
2024-12-26 13:21:42.503309,,,0.2721887433205741
2024-12-26 13:21:42.538309,2024-12-26 13:21:42.608385,0.070076,0.2966052814505872
2024-12-26 13:21:42.608385,,,0.2966052814505872
2024-12-26 13:21:42.643382,2024-12-26 13:21:42.680383,0.037001,0.30170099822349006
2024-12-26 13:21:42.680383,,,0.30170099822349006
2024-12-26 13:21:42.715963,,,0.30673393163090346
2024-12-26 13:21:42.750965,2024-12-26 13:21:42.857138,0.106173,0.2724729736354459
2024-12-26 13:21:42.857138,,,0.2724729736354459
2024-12-26 13:21:42.892429,,,0.25092058675831796
2024-12-26 13:21:42.928286,,,0.2646944111245013
2024-12-26 13:21:42.962678,,,0.2667049131496494
2024-12-26 13:21:42.997186,,,0.2574871306009002
2024-12-26 13:21:43.031191,,,0.2608421090931011
2024-12-26 13:21:43.066194,,,0.2610329119517901
2024-12-26 13:21:43.098706,,,0.25782114487756275
2024-12-26 13:21:43.131708,,,0.2918813253919412
2024-12-26 13:21:43.164707,,,0.27976047669429327
2024-12-26 13:21:43.195733,,,0.2644472774299207
2024-12-26 13:21:43.230243,,,0.26503397980775434
2024-12-26 13:21:43.266259,,,0.3106283516756603
2024-12-26 13:21:43.300782,,,0.27968793592605257
2024-12-26 13:21:43.333883,,,0.2945138345850232
2024-12-26 13:21:43.367781,,,0.27976047669429327
2024-12-26 13:21:43.400348,,,0.29340253780433584
2024-12-26 13:21:43.434346,,,0.2783147823355514
2024-12-26 13:21:43.466382,,,0.26574860323400273
2024-12-26 13:21:43.500669,,,0.29227142262008043
2024-12-26 13:21:43.532751,2024-12-26 13:21:43.563610,0.030859,0.2945138345850232
2024-12-26 13:21:43.563610,,,0.2945138345850232
2024-12-26 13:21:43.595717,,,0.3159322650888008
2024-12-26 13:21:43.628267,,,0.2869040219901719
2024-12-26 13:21:43.663371,,,0.3091943400728908
2024-12-26 13:21:43.695270,,,0.31038969094318825
2024-12-26 13:21:43.727967,,,0.2929224819000539
2024-12-26 13:21:43.760968,,,0.30137939855326296
2024-12-26 13:21:43.793989,,,0.3152469034588937
2024-12-26 13:21:43.826817,,,0.2959478461877927
2024-12-26 13:21:43.859802,,,0.2959478461877927
2024-12-26 13:21:43.892806,,,0.2959478461877927
2024-12-26 13:21:43.927559,,,0.29663308513108294
2024-12-26 13:21:43.961459,,,0.2745462766685283
2024-12-26 13:21:43.994479,,,0.2671154627336577
2024-12-26 13:21:44.028756,,,0.27912884166050955
2024-12-26 13:21:44.155165,,,0.34440281825551244
2024-12-26 13:21:44.370541,,,0.28835021742788414
2024-12-26 13:21:44.402364,,,0.30045862591052463
2024-12-26 13:21:44.433266,,,0.30099958101109203
2024-12-26 13:21:44.468373,,,0.31678732872785703
2024-12-26 13:21:44.501777,,,0.30776032847012136
2024-12-26 13:21:44.533882,,,0.2877373374432204
2024-12-26 13:21:44.569874,,,0.2789268846649656
2024-12-26 13:21:44.607362,,,0.2664071333982555
2024-12-26 13:21:44.641341,,,0.2846072906594782
2024-12-26 13:21:44.674446,,,0.2673646442764225
2024-12-26 13:21:44.708092,2024-12-26 13:21:44.739093,0.031001,0.2659363300583444
2024-12-26 13:21:44.739093,,,0.2659363300583444
2024-12-26 13:21:44.771210,,,0.31100080530078017
2024-12-26 13:21:44.803604,,,0.29375287809060124
2024-12-26 13:21:44.838603,,,0.27460104753217024
2024-12-26 13:21:44.871712,,,0.25302060088090256
2024-12-26 13:21:44.904231,,,0.3426575326263178
2024-12-26 13:21:44.936734,,,0.33038894323779744
2024-12-26 13:21:44.968733,2024-12-26 13:21:45.003663,0.03493,0.293964577252788
2024-12-26 13:21:45.003663,,,0.293964577252788
2024-12-26 13:21:45.036767,,,0.25700833281542435
2024-12-26 13:21:45.068678,2024-12-26 13:21:45.103266,0.034588,0.25814716935762466
2024-12-26 13:21:45.103266,,,0.25814716935762466
2024-12-26 13:21:45.136242,,,0.2595140288572797
2024-12-26 13:21:45.170242,,,0.2523366583788932
2024-12-26 13:21:45.204871,,,0.2857643345857017
2024-12-26 13:21:45.237976,,,0.29663308513108294
2024-12-26 13:21:45.270883,,,0.2832682092931447
2024-12-26 13:21:45.304161,,,0.2968675118934273
2024-12-26 13:21:45.336063,,,0.2926192366066431
2024-12-26 13:21:45.370063,,,0.26508319192867463
2024-12-26 13:21:45.401667,,,0.273293700673247
2024-12-26 13:21:45.435683,,,0.2886562243821558
2024-12-26 13:21:45.468769,,,0.287210530023414
2024-12-26 13:21:45.502392,,,0.29375892401111325
2024-12-26 13:21:45.539393,,,0.307562864770469
2024-12-26 13:21:45.573409,,,0.2937589240111132
2024-12-26 13:21:45.606539,,,0.2850716345674189
2024-12-26 13:21:45.641735,,,0.33586437448586365
2024-12-26 13:21:45.677231,,,0.30690047160941997
2024-12-26 13:21:45.712753,,,0.3199792085346766
2024-12-26 13:21:45.749775,,,0.30265149092673316
2024-12-26 13:21:45.785800,,,0.3104093358531237
2024-12-26 13:21:45.818526,,,0.32935553621148683
2024-12-26 13:21:45.854510,,,0.29986327479194985
2024-12-26 13:21:45.889543,,,0.3072700427099666
2024-12-26 13:21:45.926056,,,0.3170933356821287
2024-12-26 13:21:45.960632,,,0.3104093358531237
2024-12-26 13:21:45.994641,,,0.28911863499729873
2024-12-26 13:21:46.027155,,,0.2959478461877927
2024-12-26 13:21:46.063153,,,0.3104496022568154
2024-12-26 13:21:46.098159,,,0.27976047669429327
2024-12-26 13:21:46.132675,,,0.2713039587213155
2024-12-26 13:21:46.170676,,,0.28630332584045093
2024-12-26 13:21:46.214199,,,0.2800513683358713
2024-12-26 13:21:46.251197,,,0.29051839740922125
2024-12-26 13:21:46.292202,,,0.27375221038702324
2024-12-26 13:21:46.330713,,,0.2830745935123925
2024-12-26 13:21:46.371711,,,0.27635255050446167
2024-12-26 13:21:46.409225,,,0.31038969094318825
2024-12-26 13:21:46.447222,,,0.3034736827396445
2024-12-26 13:21:46.483224,,,0.2792707669315139
2024-12-26 13:21:46.519763,,,0.2738400910377482
2024-12-26 13:21:46.556760,,,0.2951990735283135
2024-12-26 13:21:46.593766,,,0.2824997917237301
2024-12-26 13:21:46.630277,,,0.2871755277474186
2024-12-26 13:21:46.667277,,,0.2951868896933707
2024-12-26 13:21:46.702891,,,0.2674876435923349
2024-12-26 13:21:46.744894,,,0.2945138345850232
2024-12-26 13:21:46.790899,,,0.27776198216085446
2024-12-26 13:21:46.837161,,,0.30210682323998944
2024-12-26 13:21:46.877786,,,0.29269807146572985
2024-12-26 13:21:46.913022,,,0.28630332584045093
2024-12-26 13:21:46.952376,,,0.29269807146572985
2024-12-26 13:21:46.986798,,,0.3061752677753208
2024-12-26 13:21:47.021216,,,0.27976047669429327
2024-12-26 13:21:47.056216,,,0.29375287809060124
2024-12-26 13:21:47.092220,,,0.29340253780433584
2024-12-26 13:21:47.128688,,,0.260194268048061
2024-12-26 13:21:47.164715,2024-12-26 13:21:47.350107,0.185392,0.25539596568555795
2024-12-26 13:21:47.350107,,,0.25539596568555795
2024-12-26 13:21:47.387737,,,0.27390698523821533
2024-12-26 13:21:47.423675,2024-12-26 13:21:47.460674,0.036999,0.27929593983253487
2024-12-26 13:21:47.460674,,,0.27929593983253487
2024-12-26 13:21:47.498679,,,0.29644170523162966
2024-12-26 13:21:47.538223,,,0.26534107669058515
2024-12-26 13:21:47.573426,,,0.29946533104621154
2024-12-26 13:21:47.606085,,,0.28150309176466914
2024-12-26 13:21:47.642172,,,0.2978879006693419
2024-12-26 13:21:47.679066,,,0.27894415841028053
2024-12-26 13:21:47.711792,2024-12-26 13:21:47.743794,0.032002,0.2626871278130075
2024-12-26 13:21:47.743794,,,0.2626871278130075
2024-12-26 13:21:47.776792,2024-12-26 13:21:47.808405,0.031613,0.2818145527804399
2024-12-26 13:21:47.808405,,,0.2818145527804399
2024-12-26 13:21:47.842306,,,0.2951868896933707
2024-12-26 13:21:47.875393,,,0.26862237801427635
2024-12-26 13:21:47.907917,,,0.26605363198956544
2024-12-26 13:21:47.941916,,,0.28287575253794667
2024-12-26 13:21:47.974901,,,0.2872100289444436
2024-12-26 13:21:48.006357,,,0.29260624933800106
2024-12-26 13:21:48.039377,,,0.28585346996460004
2024-12-26 13:21:48.072172,,,0.27248353205790465
2024-12-26 13:21:48.107013,,,0.29230668265288906
2024-12-26 13:21:48.140004,,,0.3004302296151921
2024-12-26 13:21:48.175381,,,0.27497719762636863
2024-12-26 13:21:48.209629,,,0.27159524898261733
2024-12-26 13:21:48.242184,,,0.25754839840989563
2024-12-26 13:21:48.275180,,,0.2804854006403531
2024-12-26 13:21:48.308683,,,0.29954055450802936
2024-12-26 13:21:48.343673,,,0.252330294438203
2024-12-26 13:21:48.377066,,,0.2738400910377482
2024-12-26 13:21:48.410591,,,0.28917386486541985
2024-12-26 13:21:48.442698,,,0.30113106769204256
2024-12-26 13:21:48.474606,,,0.2819788048453712
2024-12-26 13:21:48.506153,2024-12-26 13:21:48.705217,0.199064,0.2515470973725146
2024-12-26 13:21:48.705217,,,0.2515470973725146
2024-12-26 13:21:48.737215,,,0.28436952036019625
2024-12-26 13:21:48.769277,,,0.33298568120240335
2024-12-26 13:21:48.801221,,,0.28206354112628607
2024-12-26 13:21:48.835735,,,0.30056995195306196
2024-12-26 13:21:48.868734,2024-12-26 13:21:48.903711,0.034977,0.271327704448023
2024-12-26 13:21:48.903711,,,0.271327704448023
2024-12-26 13:21:48.936587,2024-12-26 13:21:49.034909,0.098322,0.29189134151928764
2024-12-26 13:21:49.034909,,,0.29189134151928764
2024-12-26 13:21:49.066911,2024-12-26 13:21:49.130428,0.063517,0.2533298002383644
2024-12-26 13:21:49.130428,,,0.2533298002383644
2024-12-26 13:21:49.163339,,,0.29644170523162966
2024-12-26 13:21:49.195320,2024-12-26 13:21:49.261936,0.066616,0.2529039954308844
2024-12-26 13:21:49.261936,,,0.2529039954308844
2024-12-26 13:21:49.294937,2024-12-26 13:21:49.392935,0.097998,0.2788125341864264
2024-12-26 13:21:49.392935,,,0.2788125341864264
2024-12-26 13:21:49.425493,,,0.25512750157224134
2024-12-26 13:21:49.458487,,,0.2872100289444436
2024-12-26 13:21:49.492501,2024-12-26 13:21:49.556904,0.064403,0.2546143909169347
2024-12-26 13:21:49.556904,,,0.2546143909169347
2024-12-26 13:21:49.588855,,,0.26632835922377573
2024-12-26 13:21:49.621821,2024-12-26 13:21:49.654821,0.033,0.29375287809060124
2024-12-26 13:21:49.654821,,,0.29375287809060124
2024-12-26 13:21:49.687836,2024-12-26 13:21:49.721508,0.033672,0.2843294090506515
2024-12-26 13:21:49.721508,,,0.2843294090506515
2024-12-26 13:21:49.752494,,,0.2869040219901719
2024-12-26 13:21:49.784598,,,0.2536815816606187
2024-12-26 13:21:49.815328,,,0.25582266000331083
2024-12-26 13:21:49.848711,2024-12-26 13:21:50.216367,0.367656,0.255799758970582
2024-12-26 13:21:50.216367,,,0.255799758970582
2024-12-26 13:21:50.249321,2024-12-26 13:21:50.315767,0.066446,0.2718368234382932
2024-12-26 13:21:50.315767,,,0.2718368234382932
2024-12-26 13:21:50.349766,,,0.2798136841872203
2024-12-26 13:21:50.381768,,,0.26245431465050206
2024-12-26 13:21:50.417494,,,0.26568039077986744
2024-12-26 13:21:50.447598,,,0.27374117378362184
2024-12-26 13:21:50.480496,2024-12-26 13:21:50.516215,0.035719,0.26042702440174503
2024-12-26 13:21:50.516215,,,0.26042702440174503
2024-12-26 13:21:50.552104,,,0.2664635878455558
2024-12-26 13:21:50.588107,,,0.2533298002383644
2024-12-26 13:21:50.625671,,,0.2810684997254792
2024-12-26 13:21:50.661668,2024-12-26 13:21:50.696676,0.035008,0.28363452614567153
2024-12-26 13:21:50.696676,,,0.28363452614567153
2024-12-26 13:21:50.732184,,,0.274990803893439
2024-12-26 13:21:50.767182,,,0.2798136841872203
2024-12-26 13:21:50.802265,,,0.25582266000331083
2024-12-26 13:21:50.837755,2024-12-26 13:21:50.872759,0.035004,0.2843294090506515
2024-12-26 13:21:50.872759,,,0.2843294090506515
2024-12-26 13:21:50.908805,,,0.25188360480065214
2024-12-26 13:21:50.943408,,,0.2551277770983309
2024-12-26 13:21:50.978496,,,0.25582266000331083
2024-12-26 13:21:51.013077,,,0.2533298002383644
2024-12-26 13:21:51.048077,2024-12-26 13:21:51.083074,0.034997,0.2823797106074126
2024-12-26 13:21:51.083074,,,0.2823797106074126
2024-12-26 13:21:51.119160,,,0.2664887607465768
2024-12-26 13:21:51.154163,,,0.25582266000331083
2024-12-26 13:21:51.189162,,,0.26938115162200127
2024-12-26 13:21:51.222676,,,0.2533298002383644
2024-12-26 13:21:51.258598,2024-12-26 13:21:51.401134,0.142536,0.2533298002383644
2024-12-26 13:21:51.401134,,,0.2533298002383644
2024-12-26 13:21:51.441350,2024-12-26 13:21:51.477354,0.036004,0.2551277770983309
2024-12-26 13:21:51.477354,,,0.2551277770983309
2024-12-26 13:21:51.515433,,,0.2551277770983309
2024-12-26 13:21:51.556453,2024-12-26 13:21:51.699607,0.143154,0.25399304267638945
2024-12-26 13:21:51.699607,,,0.25399304267638945
2024-12-26 13:21:51.734395,,,0.2551277770983309
2024-12-26 13:21:51.772396,,,0.2525617506781386
2024-12-26 13:21:51.812913,2024-12-26 13:21:52.259213,0.4463,0.2587480726103488
2024-12-26 13:21:52.259213,,,0.2587480726103488
2024-12-26 13:21:52.291109,,,0.2823797106074126
2024-12-26 13:21:52.323687,2024-12-26 13:21:52.391736,0.068049,0.2551277770983309
2024-12-26 13:21:52.391736,,,0.2551277770983309
2024-12-26 13:21:52.423273,2024-12-26 13:21:52.456275,0.033002,0.251425954779467
2024-12-26 13:21:52.456275,,,0.251425954779467
2024-12-26 13:21:52.490275,,,0.25188360480065214
