Blink Start Time,Blink End Time,Blink Duration (seconds),EAR
2024-12-30 11:40:51.847256,,,0.35672162140996655
2024-12-30 11:40:51.955583,,,0.3570261437908497
2024-12-30 11:40:51.990493,,,0.314307259844291
2024-12-30 11:40:52.026656,,,0.3333333333333333
2024-12-30 11:40:52.064047,,,0.3344828129208086
2024-12-30 11:40:52.100485,,,0.3115850005989562
2024-12-30 11:40:52.135705,,,0.314307259844291
2024-12-30 11:40:52.169949,,,0.33436532507739936
2024-12-30 11:40:52.203306,,,0.3570261437908497
2024-12-30 11:40:52.237356,,,0.34907924325701833
2024-12-30 11:40:52.268999,,,0.3295808521364949
2024-12-30 11:40:52.303484,,,0.34811332421803726
2024-12-30 11:40:52.339201,,,0.34402835689777583
2024-12-30 11:40:52.372211,,,0.34811332421803726
2024-12-30 11:40:52.406250,,,0.3330767255342354
2024-12-30 11:40:52.437402,,,0.3455038305232334
2024-12-30 11:40:52.469589,,,0.34288064710286287
2024-12-30 11:40:52.501589,,,0.34428673448943603
2024-12-30 11:40:52.532877,,,0.32924836601307195
2024-12-30 11:40:52.566594,,,0.3194444444444444
2024-12-30 11:40:52.598490,,,0.36055512754639896
2024-12-30 11:40:52.633495,,,0.34837170180969745
2024-12-30 11:40:52.668009,,,0.34837170180969745
2024-12-30 11:40:52.701111,,,0.34837170180969745
2024-12-30 11:40:52.734115,,,0.3622605906985864
2024-12-30 11:40:52.768833,,,0.34811332421803726
2024-12-30 11:40:52.800731,,,0.34837170180969745
2024-12-30 11:40:52.832784,,,0.3333333333333333
2024-12-30 11:40:52.866197,,,0.3443543509357581
2024-12-30 11:40:52.899085,,,0.35672162140996655
2024-12-30 11:40:52.930466,,,0.34811332421803726
2024-12-30 11:40:52.960977,,,0.3428327325210777
2024-12-30 11:40:52.993551,,,0.33954550302913267
2024-12-30 11:40:53.026697,,,0.33422443532914836
2024-12-30 11:40:53.058373,,,0.3330767255342354
2024-12-30 11:40:53.092373,,,0.3330767255342354
2024-12-30 11:40:53.126379,,,0.3253937763714927
2024-12-30 11:40:53.156883,,,0.33422443532914836
2024-12-30 11:40:53.187635,,,0.34811332421803726
2024-12-30 11:40:53.219636,,,0.3353739149166236
2024-12-30 11:40:53.252380,,,0.33422443532914836
2024-12-30 11:40:53.285795,,,0.35672162140996655
2024-12-30 11:40:53.318815,,,0.33422443532914836
2024-12-30 11:40:53.351382,,,0.34811332421803726
2024-12-30 11:40:53.385382,,,0.3480919402347791
2024-12-30 11:40:53.419368,,,0.3577086743525426
2024-12-30 11:40:53.450084,,,0.3330767255342354
2024-12-30 11:40:53.484509,,,0.3428327325210777
2024-12-30 11:40:53.518105,,,0.3330767255342354
2024-12-30 11:40:53.552114,,,0.3281522270332101
2024-12-30 11:40:53.584112,2024-12-30 11:40:53.690627,0.106515,0.2511806977411777
2024-12-30 11:40:53.690627,,,0.2511806977411777
2024-12-30 11:40:53.721627,2024-12-30 11:40:53.886914,0.165287,0.2728206910921646
2024-12-30 11:40:53.886914,,,0.2728206910921646
2024-12-30 11:40:53.920324,,,0.3012927706247305
2024-12-30 11:40:53.953776,,,0.306301496969953
2024-12-30 11:40:53.986791,,,0.32100737932289425
2024-12-30 11:40:54.020877,,,0.29960137749134974
2024-12-30 11:40:54.052441,,,0.306301496969953
2024-12-30 11:40:54.084475,,,0.33954550302913267
2024-12-30 11:40:54.116808,,,0.34398221210855295
2024-12-30 11:40:54.149356,,,0.34398221210855295
2024-12-30 11:40:54.182355,,,0.3247465077985032
2024-12-30 11:40:54.215376,,,0.3688641548573267
2024-12-30 11:40:54.246864,,,0.3844551337445441
2024-12-30 11:40:54.278997,,,0.3431372549019608
2024-12-30 11:40:54.311471,,,0.35866271759642054
2024-12-30 11:40:54.344649,,,0.3553753685381829
2024-12-30 11:40:54.379637,,,0.339691463435188
2024-12-30 11:40:54.412633,,,0.34783533243568115
2024-12-30 11:40:54.443881,,,0.3252342680307727
2024-12-30 11:40:54.476494,,,0.33422620512171064
2024-12-30 11:40:54.509525,,,0.3203373162328218
2024-12-30 11:40:54.540480,,,0.33396782753005044
2024-12-30 11:40:54.573994,,,0.3203373162328218
2024-12-30 11:40:54.604995,,,0.3526366540897051
2024-12-30 11:40:54.637019,,,0.3478353324356812
2024-12-30 11:40:54.669311,,,0.3526366540897051
2024-12-30 11:40:54.702233,,,0.3575132380089453
2024-12-30 11:40:54.733404,,,0.34811332421803726
2024-12-30 11:40:54.766408,,,0.3055555555555556
2024-12-30 11:40:54.797623,,,0.34811332421803726
2024-12-30 11:40:54.830666,,,0.368387651323021
2024-12-30 11:40:54.863184,,,0.3706105102988555
2024-12-30 11:40:54.896184,,,0.35672162140996655
2024-12-30 11:40:54.928210,,,0.36960264710325375
2024-12-30 11:40:54.960730,,,0.35672162140996655
2024-12-30 11:40:54.992815,,,0.368387651323021
2024-12-30 11:40:55.024835,,,0.37334322308428813
2024-12-30 11:40:55.055657,,,0.36960264710325375
2024-12-30 11:40:55.097017,,,0.34811332421803726
2024-12-30 11:40:55.132913,,,0.368387651323021
2024-12-30 11:40:55.167963,,,0.3611111111111111
2024-12-30 11:40:55.203947,,,0.358243239824647
2024-12-30 11:40:55.238953,,,0.35672162140996655
2024-12-30 11:40:55.273697,,,0.34811332421803726
2024-12-30 11:40:55.308752,,,0.358243239824647
2024-12-30 11:40:55.343865,,,0.3579366171901994
2024-12-30 11:40:55.378864,,,0.34811332421803726
2024-12-30 11:40:55.413865,,,0.34398221210855295
2024-12-30 11:40:55.449378,,,0.358734239250717
2024-12-30 11:40:55.485377,,,0.3579366171901994
2024-12-30 11:40:55.520376,,,0.3479297636695431
2024-12-30 11:40:55.555890,,,0.3491003771606133
2024-12-30 11:40:55.590892,,,0.362805705501008
2024-12-30 11:40:55.625889,,,0.35977935413109163
2024-12-30 11:40:55.660233,,,0.3491003771606133
2024-12-30 11:40:55.695235,,,0.35901132364621074
2024-12-30 11:40:55.730582,,,0.35672162140996655
2024-12-30 11:40:55.766122,,,0.3493587547522735
2024-12-30 11:40:55.802121,,,0.3577086743525426
2024-12-30 11:40:55.837128,,,0.38411146821299036
2024-12-30 11:40:55.873640,,,0.34837170180969745
2024-12-30 11:40:55.907642,,,0.3493587547522735
2024-12-30 11:40:55.941691,,,0.358734239250717
2024-12-30 11:40:55.975235,,,0.3440477283013105
2024-12-30 11:40:56.009237,,,0.34837170180969745
2024-12-30 11:40:56.044824,,,0.3469656144231243
2024-12-30 11:40:56.079807,,,0.34811332421803726
2024-12-30 11:40:56.115813,,,0.35801319673342574
2024-12-30 11:40:56.153770,,,0.3330767255342354
2024-12-30 11:40:56.188769,,,0.3538537501235025
2024-12-30 11:40:56.223770,,,0.34398221210855295
2024-12-30 11:40:56.257306,,,0.34795266736570035
2024-12-30 11:40:56.290278,,,0.38608263238570173
2024-12-30 11:40:56.325301,,,0.35672162140996655
2024-12-30 11:40:56.359808,,,0.3579366171901994
2024-12-30 11:40:56.394792,,,0.3579366171901994
2024-12-30 11:40:56.427793,,,0.35672162140996655
2024-12-30 11:40:56.462308,,,0.35672162140996655
2024-12-30 11:40:56.497306,,,0.3472186974333584
2024-12-30 11:40:56.531823,,,0.35672162140996655
2024-12-30 11:40:56.567334,,,0.3469656144231243
2024-12-30 11:40:56.602692,,,0.368387651323021
2024-12-30 11:40:56.648407,,,0.3526366540897051
2024-12-30 11:40:56.689071,,,0.35672162140996655
2024-12-30 11:40:56.725087,,,0.3579366171901994
2024-12-30 11:40:56.759748,,,0.3455038305232334
2024-12-30 11:40:56.791645,,,0.3584043400047603
2024-12-30 11:40:56.824756,,,0.3431372549019608
2024-12-30 11:40:56.860390,,,0.3589926168423772
2024-12-30 11:40:56.893497,,,0.37173202614379086
2024-12-30 11:40:56.925406,,,0.3431372549019608
2024-12-30 11:40:56.959032,,,0.37140212689783414
2024-12-30 11:40:56.991041,,,0.3727190790863669
2024-12-30 11:40:57.022943,,,0.3295808521364949
2024-12-30 11:40:57.055541,,,0.3727190790863669
2024-12-30 11:40:57.087639,,,0.37140212689783414
2024-12-30 11:40:57.120541,,,0.34288064710286287
2024-12-30 11:40:57.151262,,,0.3472222222222222
2024-12-30 11:40:57.183722,,,0.35672162140996655
2024-12-30 11:40:57.215611,,,0.3472186974333584
2024-12-30 11:40:57.247404,,,0.348153800221062
2024-12-30 11:40:57.278402,,,0.3577086743525426
2024-12-30 11:40:57.310439,,,0.35672162140996655
2024-12-30 11:40:57.343532,,,0.35672162140996655
2024-12-30 11:40:57.376058,,,0.35672162140996655
2024-12-30 11:40:57.408066,,,0.348153800221062
2024-12-30 11:40:57.439080,,,0.35672162140996655
2024-12-30 11:40:57.475194,,,0.3577086743525426
2024-12-30 11:40:57.506194,,,0.35672162140996655
2024-12-30 11:40:57.538418,,,0.35672162140996655
2024-12-30 11:40:57.570264,,,0.3673425364426463
2024-12-30 11:40:57.603392,,,0.368387651323021
2024-12-30 11:40:57.637424,,,0.35787110099744185
2024-12-30 11:40:57.669771,,,0.368387651323021
2024-12-30 11:40:57.701871,,,0.36869217370390406
2024-12-30 11:40:57.735773,,,0.36764705882352944
2024-12-30 11:40:57.768362,,,0.34398221210855295
2024-12-30 11:40:57.801362,,,0.2511806977411777
2024-12-30 11:40:57.833367,2024-12-30 11:40:57.932185,0.098818,0.28573387258571903
2024-12-30 11:40:57.932185,,,0.28573387258571903
2024-12-30 11:40:57.965828,,,0.3290131421972321
2024-12-30 11:40:57.998836,,,0.29386387840808764
2024-12-30 11:40:58.031152,,,0.3232502662488964
2024-12-30 11:40:58.062867,,,0.3451972078887858
2024-12-30 11:40:58.096779,,,0.35506874590373527
2024-12-30 11:40:58.127932,,,0.3391732446356349
2024-12-30 11:40:58.159747,,,0.3440477283013105
2024-12-30 11:40:58.190751,,,0.3472186974333584
2024-12-30 11:40:58.221855,,,0.35672162140996655
2024-12-30 11:40:58.253259,,,0.34398221210855295
2024-12-30 11:40:58.285303,,,0.34398221210855295
2024-12-30 11:40:58.316259,,,0.35672162140996655
2024-12-30 11:40:58.347471,,,0.368387651323021
2024-12-30 11:40:58.379809,,,0.35672162140996655
2024-12-30 11:40:58.411810,,,0.3577086743525426
2024-12-30 11:40:58.442919,,,0.3428327325210777
2024-12-30 11:40:58.477175,,,0.3577086743525426
2024-12-30 11:40:58.510382,,,0.3577086743525426
2024-12-30 11:40:58.544222,,,0.3538537501235025
2024-12-30 11:40:58.576755,,,0.36960264710325375
2024-12-30 11:40:58.608739,,,0.3673425364426463
2024-12-30 11:40:58.642844,,,0.34398221210855295
2024-12-30 11:40:58.675719,,,0.3440477283013105
2024-12-30 11:40:58.708019,,,0.34398221210855295
2024-12-30 11:40:58.741177,,,0.3538537501235025
2024-12-30 11:40:58.771638,,,0.3538537501235025
2024-12-30 11:40:58.803639,,,0.3428327325210777
2024-12-30 11:40:58.835646,,,0.3428327325210777
2024-12-30 11:40:58.870854,,,0.3538537501235025
2024-12-30 11:40:58.905868,,,0.36960264710325375
2024-12-30 11:40:58.940860,,,0.3538537501235025
2024-12-30 11:40:58.976373,,,0.3538537501235025
2024-12-30 11:40:59.011373,,,0.3538537501235025
2024-12-30 11:40:59.046378,,,0.34398221210855295
2024-12-30 11:40:59.081895,,,0.33514978335833495
2024-12-30 11:40:59.116895,,,0.3437911205022126
2024-12-30 11:40:59.151921,,,0.3349300407273925
2024-12-30 11:40:59.186923,,,0.368387651323021
2024-12-30 11:40:59.222923,,,0.3428327325210777
2024-12-30 11:40:59.258041,,,0.34398221210855295
2024-12-30 11:40:59.293043,,,0.3491003771606133
2024-12-30 11:40:59.328046,,,0.3340608026965163
2024-12-30 11:40:59.362894,,,0.3538537501235025
2024-12-30 11:40:59.397081,,,0.3029874195260567
2024-12-30 11:40:59.434368,2024-12-30 11:40:59.537885,0.103517,0.28573387258571903
2024-12-30 11:40:59.537885,,,0.28573387258571903
2024-12-30 11:40:59.573418,,,0.3088235294117647
2024-12-30 11:40:59.608418,,,0.3145424836601307
2024-12-30 11:40:59.641556,,,0.31095926753815695
2024-12-30 11:40:59.676880,,,0.3004953186355268
2024-12-30 11:40:59.711011,,,0.32024953523952493
2024-12-30 11:40:59.745609,,,0.37140212689783414
2024-12-30 11:40:59.778685,,,0.3281522270332101
2024-12-30 11:40:59.810689,,,0.3290433290290251
2024-12-30 11:40:59.840693,,,0.34837170180969745
2024-12-30 11:40:59.874200,,,0.3754081656817066
2024-12-30 11:40:59.905208,,,0.35758652945580405
2024-12-30 11:40:59.938199,,,0.37632209969172836
2024-12-30 11:40:59.968723,,,0.34398221210855295
2024-12-30 11:41:00.002071,,,0.34257612472197974
2024-12-30 11:41:00.037079,,,0.3711241351154781
2024-12-30 11:41:00.071816,,,0.372271844910391
2024-12-30 11:41:00.106818,,,0.3440477283013105
2024-12-30 11:41:00.140937,,,0.3295808521364949
2024-12-30 11:41:00.176801,,,0.34257612472197974
2024-12-30 11:41:00.209798,,,0.32430479570967397
2024-12-30 11:41:00.241957,,,0.3575132380089453
2024-12-30 11:41:00.272436,,,0.3344828129208086
2024-12-30 11:41:00.308452,,,0.3472222222222222
2024-12-30 11:41:00.341572,,,0.37254901960784315
2024-12-30 11:41:00.374087,,,0.3428327325210777
2024-12-30 11:41:00.407447,,,0.3578431372549019
2024-12-30 11:41:00.441339,,,0.35866271759642054
2024-12-30 11:41:00.474997,,,0.3428327325210777
2024-12-30 11:41:00.506996,,,0.37140212689783414
2024-12-30 11:41:00.541024,,,0.35866271759642054
2024-12-30 11:41:00.575563,,,0.3858046406033457
2024-12-30 11:41:00.608673,,,0.40032679738562094
2024-12-30 11:41:00.641674,,,0.34257612472197974
2024-12-30 11:41:00.675237,,,0.3721937434968129
2024-12-30 11:41:00.708349,,,0.37254901960784315
2024-12-30 11:41:00.741530,,,0.37254901960784315
2024-12-30 11:41:00.776266,,,0.3575132380089453
2024-12-30 11:41:00.808603,,,0.3428327325210777
2024-12-30 11:41:00.841830,,,0.3578431372549019
2024-12-30 11:41:00.874329,,,0.3726017441563477
2024-12-30 11:41:00.909334,,,0.3284313725490196
2024-12-30 11:41:00.942247,2024-12-30 11:41:01.039956,0.097709,0.25830557717302666
2024-12-30 11:41:01.039956,,,0.25830557717302666
2024-12-30 11:41:01.072368,,,0.314307259844291
2024-12-30 11:41:01.108461,,,0.34428673448943603
2024-12-30 11:41:01.142383,,,0.35923029276722307
2024-12-30 11:41:01.173874,,,0.31545496963920394
2024-12-30 11:41:01.207874,,,0.35801319673342574
2024-12-30 11:41:01.238925,,,0.35506874590373527
2024-12-30 11:41:01.269644,,,0.35674815200849364
2024-12-30 11:41:01.302645,,,0.35758652945580405
2024-12-30 11:41:01.334643,,,0.3856209150326797
2024-12-30 11:41:01.366156,,,0.35203980552093544
2024-12-30 11:41:01.397268,,,0.33771929824561403
2024-12-30 11:41:01.431716,,,0.37254901960784315
2024-12-30 11:41:01.465480,,,0.37173202614379086
2024-12-30 11:41:01.499464,,,0.3632476436411624
2024-12-30 11:41:01.530465,,,0.37254901960784315
2024-12-30 11:41:01.571209,,,0.3721937434968129
2024-12-30 11:41:01.604162,,,0.3588036254896014
2024-12-30 11:41:01.637188,,,0.34820927516479827
2024-12-30 11:41:01.667696,,,0.3513717632045375
2024-12-30 11:41:01.700693,,,0.3575132380089453
2024-12-30 11:41:01.733694,,,0.37359413448821777
2024-12-30 11:41:01.766204,,,0.35866271759642054
2024-12-30 11:41:01.799431,,,0.38608263238570173
2024-12-30 11:41:01.832251,,,0.3721937434968129
2024-12-30 11:41:01.873775,,,0.36209816405368717
2024-12-30 11:41:01.910776,,,0.3608545033120132
2024-12-30 11:41:01.942782,,,0.36083311932875506
2024-12-30 11:41:01.975368,,,0.37470062423438577
2024-12-30 11:41:02.006352,,,0.38608263238570173
2024-12-30 11:41:02.037357,,,0.375
2024-12-30 11:41:02.068878,,,0.3611111111111111
2024-12-30 11:41:02.105877,,,0.3428327325210777
2024-12-30 11:41:02.136494,,,0.38730762650928885
2024-12-30 11:41:02.180067,,,0.3469442304398661
2024-12-30 11:41:02.212064,,,0.37598705294257606
2024-12-30 11:41:02.244068,,,0.38615991671437594
2024-12-30 11:41:02.278605,,,0.34837170180969745
2024-12-30 11:41:02.311622,,,0.37254901960784315
2024-12-30 11:41:02.346634,,,0.38660796797525576
2024-12-30 11:41:02.380514,,,0.36451147148522844
2024-12-30 11:41:02.415484,,,0.3572566302098473
2024-12-30 11:41:02.448702,,,0.3618201722713311
2024-12-30 11:41:02.485017,,,0.3611111111111111
2024-12-30 11:41:02.519509,,,0.3520793046518583
2024-12-30 11:41:02.557024,,,0.3898759418314649
2024-12-30 11:41:02.591028,,,0.3753869969040248
2024-12-30 11:41:02.625024,,,0.3508771929824561
2024-12-30 11:41:02.658537,,,0.3771365325300513
2024-12-30 11:41:02.693554,,,0.3353739149166236
2024-12-30 11:41:02.728041,,,0.375
2024-12-30 11:41:02.763798,,,0.3869523503982586
2024-12-30 11:41:02.798796,,,0.3721937434968129
2024-12-30 11:41:02.839800,,,0.37570906116021996
2024-12-30 11:41:02.875415,,,0.34820927516479827
2024-12-30 11:41:02.911412,,,0.38032666145397354
2024-12-30 11:41:02.947419,,,0.34837170180969745
2024-12-30 11:41:02.983946,,,0.3727771410241655
2024-12-30 11:41:03.019927,,,0.3617028373413119
2024-12-30 11:41:03.055441,,,0.3862780687292991
2024-12-30 11:41:03.090445,,,0.3866660299130544
2024-12-30 11:41:03.128441,,,0.37598705294257606
2024-12-30 11:41:03.164669,,,0.34398221210855295
2024-12-30 11:41:03.200668,,,0.376696114102796
2024-12-30 11:41:03.236676,,,0.3629663623533449
2024-12-30 11:41:03.271058,,,0.36341007028606165
2024-12-30 11:41:03.306221,,,0.37140212689783414
2024-12-30 11:41:03.349228,,,0.3492414198222543
2024-12-30 11:41:03.389745,,,0.3480919402347791
2024-12-30 11:41:03.423745,,,0.3632476436411624
2024-12-30 11:41:03.459260,,,0.37812358547262737
2024-12-30 11:41:03.494601,,,0.36181865255843193
2024-12-30 11:41:03.530845,,,0.37812358547262737
2024-12-30 11:41:03.565926,,,0.37598705294257606
2024-12-30 11:41:03.600928,,,0.362805705501008
2024-12-30 11:41:03.634941,,,0.33422443532914836
2024-12-30 11:41:03.669047,,,0.33563229250828386
2024-12-30 11:41:03.703047,,,0.3632476436411624
2024-12-30 11:41:03.735046,,,0.34837170180969745
2024-12-30 11:41:03.768717,,,0.3618201722713311
2024-12-30 11:41:03.802734,,,0.3629892660495022
2024-12-30 11:41:03.836254,,,0.358243239824647
2024-12-30 11:41:03.870245,,,0.3721321287135359
2024-12-30 11:41:03.903246,,,0.34952118139717275
2024-12-30 11:41:03.936245,,,0.35674815200849364
2024-12-30 11:41:03.968781,,,0.3480937100273414
2024-12-30 11:41:04.000766,,,0.3579366171901994
2024-12-30 11:41:04.033764,,,0.3618201722713311
2024-12-30 11:41:04.067356,,,0.3709150326797386
2024-12-30 11:41:04.098357,,,0.3709150326797386
2024-12-30 11:41:04.131354,,,0.37598705294257606
2024-12-30 11:41:04.164136,,,0.3619825989162303
2024-12-30 11:41:04.196136,,,0.3572566302098473
2024-12-30 11:41:04.228138,,,0.3330767255342354
2024-12-30 11:41:04.260650,,,0.362805705501008
2024-12-30 11:41:04.292651,,,0.37598705294257606
2024-12-30 11:41:04.325665,,,0.3898759418314649
2024-12-30 11:41:04.361573,,,0.3757075414473209
2024-12-30 11:41:04.395557,,,0.37768164733247295
2024-12-30 11:41:04.427557,,,0.3769741058851521
2024-12-30 11:41:04.460127,,,0.3868479520054475
2024-12-30 11:41:04.493126,,,0.39086299477404096
2024-12-30 11:41:04.525255,,,0.3622605906985864
2024-12-30 11:41:04.558639,,,0.3856209150326797
2024-12-30 11:41:04.591654,,,0.3892756705873373
2024-12-30 11:41:04.624659,,,0.36200221310692615
2024-12-30 11:41:04.658428,,,0.3629892660495022
2024-12-30 11:41:04.690415,,,0.37568767717696183
2024-12-30 11:41:04.722306,,,0.40032679738562094
2024-12-30 11:41:04.754817,,,0.33396782753005044
2024-12-30 11:41:04.786918,,,0.3778423041848098
2024-12-30 11:41:04.821817,,,0.3629892660495022
2024-12-30 11:41:04.853533,,,0.37334322308428813
2024-12-30 11:41:04.886292,,,0.3768371567644371
2024-12-30 11:41:04.920275,,,0.38615991671437594
2024-12-30 11:41:04.953009,,,0.3769741058851521
2024-12-30 11:41:04.986030,,,0.3472222222222222
2024-12-30 11:41:05.018030,,,0.36294674816264905
2024-12-30 11:41:05.050060,,,0.37568615746406264
2024-12-30 11:41:05.083698,,,0.34795266736570035
2024-12-30 11:41:05.116891,,,0.39086299477404096
2024-12-30 11:41:05.148806,,,0.3608545033120132
2024-12-30 11:41:05.182362,,,0.34820927516479827
2024-12-30 11:41:05.215456,,,0.37568767717696183
2024-12-30 11:41:05.247352,,,0.34996857546027105
2024-12-30 11:41:05.278909,,,0.37182550607908826
2024-12-30 11:41:05.312359,,,0.36200221310692615
2024-12-30 11:41:05.346479,,,0.3630852169962632
2024-12-30 11:41:05.378009,,,0.34820927516479827
2024-12-30 11:41:05.411008,,,0.37964202370280997
2024-12-30 11:41:05.442138,,,0.36200221310692615
2024-12-30 11:41:05.474902,,,0.3469656144231243
2024-12-30 11:41:05.505957,,,0.3757075414473209
2024-12-30 11:41:05.539115,,,0.3863666541474401
2024-12-30 11:41:05.572646,,,0.3768371567644371
2024-12-30 11:41:05.606643,,,0.3862780687292991
2024-12-30 11:41:05.642680,,,0.37140212689783414
2024-12-30 11:41:05.675161,,,0.36200221310692615
2024-12-30 11:41:05.707164,,,0.3622605906985864
2024-12-30 11:41:05.738162,,,0.38660796797525576
2024-12-30 11:41:05.771887,,,0.37598705294257606
2024-12-30 11:41:05.803786,,,0.3769741058851521
2024-12-30 11:41:05.835787,,,0.3769741058851521
2024-12-30 11:41:05.869249,,,0.3905620992955276
2024-12-30 11:41:05.901234,,,0.38957656606585067
2024-12-30 11:41:05.934333,,,0.3766732104066387
2024-12-30 11:41:05.966936,,,0.37568615746406264
2024-12-30 11:41:06.000039,,,0.34837170180969745
2024-12-30 11:41:06.032037,,,0.36324764364116247
2024-12-30 11:41:06.065956,,,0.3905620992955276
2024-12-30 11:41:06.097960,,,0.3769741058851521
2024-12-30 11:41:06.130855,,,0.36324764364116247
2024-12-30 11:41:06.165095,,,0.3863070724967424
2024-12-30 11:41:06.197097,,,0.3915476325252045
2024-12-30 11:41:06.229724,,,0.37568615746406264
2024-12-30 11:41:06.262242,,,0.37598705294257606
2024-12-30 11:41:06.295242,,,0.37614947958747524
2024-12-30 11:41:06.327240,,,0.37568767717696183
2024-12-30 11:41:06.359969,,,0.3778423041848098
2024-12-30 11:41:06.392874,,,0.3766945943898969
2024-12-30 11:41:06.426861,,,0.2953200477256286
2024-12-30 11:41:06.459369,2024-12-30 11:41:06.535296,0.075927,0.28573387258571903
2024-12-30 11:41:06.535296,,,0.28573387258571903
2024-12-30 11:41:06.567859,,,0.3018129085291613
2024-12-30 11:41:06.603500,,,0.3194444444444444
2024-12-30 11:41:06.638332,,,0.3330767255342354
2024-12-30 11:41:06.673865,,,0.34811332421803726
2024-12-30 11:41:06.707845,,,0.35672162140996655
2024-12-30 11:41:06.742988,,,0.3492414198222543
2024-12-30 11:41:06.779514,,,0.3685575322228791
2024-12-30 11:41:06.815497,,,0.3768567709551329
2024-12-30 11:41:06.850502,,,0.34837170180969745
2024-12-30 11:41:06.885601,,,0.36200221310692615
2024-12-30 11:41:06.919688,,,0.3622605906985864
2024-12-30 11:41:06.955091,,,0.39879197370085795
2024-12-30 11:41:06.993098,,,0.38742496143930805
2024-12-30 11:41:07.029098,,,0.36643217881109547
2024-12-30 11:41:07.064650,,,0.37061565691412435
2024-12-30 11:41:07.099615,,,0.3967035474183815
2024-12-30 11:41:07.133615,,,0.37568767717696183
2024-12-30 11:41:07.169672,,,0.37598705294257606
2024-12-30 11:41:07.204668,,,0.37598705294257606
2024-12-30 11:41:07.238688,,,0.37173202614379086
2024-12-30 11:41:07.273031,,,0.39705882352941174
2024-12-30 11:41:07.307048,,,0.3856209150326797
2024-12-30 11:41:07.342077,,,0.38235294117647056
2024-12-30 11:41:07.376567,,,0.375
2024-12-30 11:41:07.409568,,,0.37173202614379086
2024-12-30 11:41:07.444572,,,0.386437908496732
2024-12-30 11:41:07.479077,,,0.3766945943898969
2024-12-30 11:41:07.514081,,,0.3611111111111111
2024-12-30 11:41:07.547192,,,0.37598705294257606
2024-12-30 11:41:07.580610,,,0.37598705294257606
2024-12-30 11:41:07.614697,,,0.39705882352941174
2024-12-30 11:41:07.647641,,,0.37693498452012386
2024-12-30 11:41:07.680995,,,0.3888888888888889
2024-12-30 11:41:07.713562,,,0.386437908496732
2024-12-30 11:41:07.744680,,,0.37598705294257606
2024-12-30 11:41:07.778598,,,0.402300903270773
2024-12-30 11:41:07.811601,,,0.37173202614379086
2024-12-30 11:41:07.843606,,,0.3740986017650635
2024-12-30 11:41:07.876174,,,0.3870696853282778
2024-12-30 11:41:07.907172,2024-12-30 11:41:08.002716,0.095544,0.2797569938590261
2024-12-30 11:41:08.002716,,,0.2797569938590261
2024-12-30 11:41:08.034768,,,0.32100737932289425
2024-12-30 11:41:08.067509,,,0.3115262714658619
2024-12-30 11:41:08.099518,,,0.3284313725490196
2024-12-30 11:41:08.132622,,,0.3577086743525426
2024-12-30 11:41:08.165786,,,0.35672162140996655
2024-12-30 11:41:08.197890,,,0.35672162140996655
2024-12-30 11:41:08.231894,,,0.3628343057089296
2024-12-30 11:41:08.265514,,,0.361899202921226
2024-12-30 11:41:08.296835,,,0.361899202921226
2024-12-30 11:41:08.329852,,,0.3589926168423772
2024-12-30 11:41:08.362368,,,0.36342181367225146
2024-12-30 11:41:08.396384,,,0.37334322308428813
2024-12-30 11:41:08.429385,,,0.3870696853282778
2024-12-30 11:41:08.462394,,,0.35672162140996655
2024-12-30 11:41:08.495394,,,0.3870696853282778
2024-12-30 11:41:08.527860,,,0.3723891798404102
2024-12-30 11:41:08.558466,,,0.3723891798404102
2024-12-30 11:41:08.590356,,,0.35672162140996655
2024-12-30 11:41:08.621232,,,0.3723891798404102
2024-12-30 11:41:08.663384,,,0.34795266736570035
2024-12-30 11:41:08.695527,,,0.348153800221062
2024-12-30 11:41:08.726553,,,0.3577086743525426
2024-12-30 11:41:08.758819,,,0.3715975632414315
2024-12-30 11:41:08.791844,,,0.36083311932875506
2024-12-30 11:41:08.824819,,,0.37190208562231464
2024-12-30 11:41:08.856391,,,0.37190208562231464
2024-12-30 11:41:08.889408,,,0.3715975632414315
2024-12-30 11:41:08.921407,,,0.3469656144231243
2024-12-30 11:41:08.954242,,,0.3577086743525426
2024-12-30 11:41:08.995768,,,0.36037659217020046
2024-12-30 11:41:09.030308,,,0.3632476436411624
2024-12-30 11:41:09.065432,,,0.3632476436411624
2024-12-30 11:41:09.098416,,,0.37190208562231464
2024-12-30 11:41:09.132418,,,0.35801319673342574
2024-12-30 11:41:09.167574,,,0.36184155625458925
2024-12-30 11:41:09.200574,,,0.36184155625458925
2024-12-30 11:41:09.233574,,,0.3629892660495022
2024-12-30 11:41:09.266085,,,0.3618201722713311
2024-12-30 11:41:09.300082,,,0.3731191816561119
2024-12-30 11:41:09.334085,,,0.38723211197317703
2024-12-30 11:41:09.368626,,,0.3577086743525426
2024-12-30 11:41:09.402862,,,0.3618201722713311
2024-12-30 11:41:09.440860,,,0.3715975632414315
2024-12-30 11:41:09.475389,,,0.3723891798404102
2024-12-30 11:41:09.509389,,,0.3862780687292991
2024-12-30 11:41:09.543591,,,0.36316420495488627
2024-12-30 11:41:09.578230,,,0.3775148111967972
2024-12-30 11:41:09.613232,,,0.29257915264573986
2024-12-30 11:41:09.650217,2024-12-30 11:41:09.720331,0.070114,0.28573387258571903
2024-12-30 11:41:09.720331,,,0.28573387258571903
2024-12-30 11:41:09.756842,,,0.3290131421972321
2024-12-30 11:41:09.791850,,,0.33436532507739936
2024-12-30 11:41:09.826851,,,0.3235294117647059
2024-12-30 11:41:09.861451,2024-12-30 11:41:10.025158,0.163707,0.2914314428508269
2024-12-30 11:41:10.025158,,,0.2914314428508269
2024-12-30 11:41:10.059737,,,0.3290131421972321
2024-12-30 11:41:10.092733,,,0.3330767255342354
2024-12-30 11:41:10.124715,,,0.3254306415396481
2024-12-30 11:41:10.158575,,,0.3428327325210777
2024-12-30 11:41:10.193477,,,0.3589926168423772
2024-12-30 11:41:10.225564,,,0.34428673448943603
2024-12-30 11:41:10.260372,,,0.34983028884620254
2024-12-30 11:41:10.294394,,,0.34428673448943603
2024-12-30 11:41:10.328393,,,0.3431372549019608
2024-12-30 11:41:10.361207,,,0.3589926168423772
2024-12-30 11:41:10.394105,,,0.34837170180969745
2024-12-30 11:41:10.425957,,,0.3392612812771234
2024-12-30 11:41:10.458779,,,0.34398221210855295
2024-12-30 11:41:10.492670,,,0.34428673448943603
2024-12-30 11:41:10.524671,,,0.3589926168423772
2024-12-30 11:41:10.559191,,,0.3723891798404102
2024-12-30 11:41:10.594192,,,0.34398221210855295
2024-12-30 11:41:10.630190,,,0.34907120743034054
2024-12-30 11:41:10.664534,,,0.3392612812771234
2024-12-30 11:41:10.698516,,,0.35342816194836835
2024-12-30 11:41:10.734208,,,0.35155568797106185
2024-12-30 11:41:10.767560,,,0.33422620512171064
2024-12-30 11:41:10.802920,,,0.368387651323021
2024-12-30 11:41:10.836783,,,0.35866271759642054
2024-12-30 11:41:10.874906,,,0.3575132380089453
2024-12-30 11:41:10.910881,,,0.36342181367225146
2024-12-30 11:41:10.945887,,,0.3862780687292991
2024-12-30 11:41:10.981393,,,0.3673425364426463
2024-12-30 11:41:11.016394,,,0.3723891798404102
2024-12-30 11:41:11.052414,,,0.3862780687292991
2024-12-30 11:41:11.086922,,,0.3723891798404102
2024-12-30 11:41:11.122906,,,0.36037659217020046
2024-12-30 11:41:11.157121,,,0.3977740391638297
2024-12-30 11:41:11.192644,,,0.3862780687292991
2024-12-30 11:41:11.227645,,,0.4009585742171667
2024-12-30 11:41:11.262184,,,0.38339805605684524
2024-12-30 11:41:11.296199,,,0.3852910157867231
2024-12-30 11:41:11.329199,,,0.3577086743525426
2024-12-30 11:41:11.361773,,,0.36643217881109547
2024-12-30 11:41:11.392288,,,0.35672162140996655
2024-12-30 11:41:11.424649,,,0.3513301953521468
2024-12-30 11:41:11.456655,,,0.38748302337710666
2024-12-30 11:41:11.490168,,,0.361899202921226
2024-12-30 11:41:11.523171,,,0.36519770025777754
2024-12-30 11:41:11.555174,,,0.3769741058851521
2024-12-30 11:41:11.588220,,,0.37140212689783414
2024-12-30 11:41:11.621230,,,0.29960137749134974
2024-12-30 11:41:11.654412,2024-12-30 11:41:11.755892,0.10148,0.29960137749134974
2024-12-30 11:41:11.755892,,,0.29960137749134974
2024-12-30 11:41:11.788496,,,0.33422443532914836
2024-12-30 11:41:11.822403,,,0.3243431660349577
2024-12-30 11:41:11.858514,,,0.3295808521364949
2024-12-30 11:41:11.891556,,,0.3384502923976608
2024-12-30 11:41:11.923558,,,0.3575132380089453
2024-12-30 11:41:11.957665,,,0.3578431372549019
2024-12-30 11:41:11.991180,,,0.3863070724967424
2024-12-30 11:41:12.023291,,,0.3431372549019608
2024-12-30 11:41:12.055239,,,0.3673171595775727
2024-12-30 11:41:12.087858,,,0.37334322308428813
2024-12-30 11:41:12.120749,,,0.34398221210855295
2024-12-30 11:41:12.154752,,,0.37140212689783414
2024-12-30 11:41:12.189102,,,0.3727190790863669
2024-12-30 11:41:12.223026,,,0.3775148111967972
2024-12-30 11:41:12.255176,,,0.3870696853282778
2024-12-30 11:41:12.290728,,,0.38742496143930805
2024-12-30 11:41:12.322730,,,0.36643217881109547
2024-12-30 11:41:12.355934,,,0.361899202921226
2024-12-30 11:41:12.389738,,,0.3525432899222065
2024-12-30 11:41:12.421637,,,0.3619612149329721
2024-12-30 11:41:12.453641,,,0.35866271759642054
2024-12-30 11:41:12.486154,,,0.3395392730594795
2024-12-30 11:41:12.517153,,,0.3619612149329721
2024-12-30 11:41:12.551288,,,0.3870696853282778
2024-12-30 11:41:12.583706,,,0.3870696853282778
2024-12-30 11:41:12.617692,,,0.3870696853282778
2024-12-30 11:41:12.650800,,,0.3723891798404102
2024-12-30 11:41:12.683521,,,0.3577086743525426
2024-12-30 11:41:12.717020,,,0.3589926168423772
2024-12-30 11:41:12.750127,,,0.3395392730594795
2024-12-30 11:41:12.783226,,,0.3727190790863669
2024-12-30 11:41:12.815124,,,0.3501601880921592
2024-12-30 11:41:12.849169,,,0.361899202921226
2024-12-30 11:41:12.883458,,,0.3578431372549019
2024-12-30 11:41:12.915458,,,0.3688641548573267
2024-12-30 11:41:12.949463,,,0.3723891798404102
2024-12-30 11:41:12.984261,,,0.37334322308428813
2024-12-30 11:41:13.016277,,,0.3723891798404102
2024-12-30 11:41:13.052777,,,0.3775148111967972
2024-12-30 11:41:13.086339,,,0.38742496143930805
2024-12-30 11:41:13.118323,,,0.3721937434968129
2024-12-30 11:41:13.150544,,,0.36519770025777754
2024-12-30 11:41:13.184166,,,0.3832634145758203
2024-12-30 11:41:13.217177,,,0.34837170180969745
2024-12-30 11:41:13.250180,,,0.34398221210855295
2024-12-30 11:41:13.282917,,,0.3999715212745907
2024-12-30 11:41:13.316896,,,0.3661832334874545
2024-12-30 11:41:13.348897,,,0.39898903494406257
2024-12-30 11:41:13.380463,,,0.3898759418314649
2024-12-30 11:41:13.414407,,,0.37505709765806805
2024-12-30 11:41:13.447809,,,0.3659155614588203
2024-12-30 11:41:13.479583,,,0.3747220082176439
2024-12-30 11:41:13.510545,,,0.3999715212745907
2024-12-30 11:41:13.543530,,,0.37929069778232327
2024-12-30 11:41:13.575454,,,0.38650601156695585
2024-12-30 11:41:13.608731,,,0.37934112822429655
2024-12-30 11:41:13.643848,,,0.362805705501008
2024-12-30 11:41:13.675572,,,0.3747220082176439
2024-12-30 11:41:13.705679,,,0.3898759418314649
2024-12-30 11:41:13.738799,,,0.3888888888888889
2024-12-30 11:41:13.770727,,,0.38719216903101855
2024-12-30 11:41:13.803726,,,0.375
2024-12-30 11:41:13.834727,,,0.4029889385618446
2024-12-30 11:41:13.868319,,,0.3888888888888889
2024-12-30 11:41:13.901295,,,0.3478353324356812
2024-12-30 11:41:13.936477,,,0.3067050351430308
2024-12-30 11:41:13.968535,2024-12-30 11:41:14.034831,0.066296,0.30105754680889074
2024-12-30 11:41:14.034831,,,0.30105754680889074
2024-12-30 11:41:14.068070,,,0.3192092206286047
2024-12-30 11:41:14.100967,,,0.34066948618524173
2024-12-30 11:41:14.134985,,,0.34820927516479827
2024-12-30 11:41:14.167557,,,0.3472222222222222
2024-12-30 11:41:14.201538,,,0.3469656144231243
2024-12-30 11:41:14.234551,,,0.375
2024-12-30 11:41:14.269985,,,0.3898759418314649
2024-12-30 11:41:14.305983,,,0.37586971801255686
2024-12-30 11:41:14.340985,,,0.3898759418314649
2024-12-30 11:41:14.377221,,,0.3885895131232746
2024-12-30 11:41:14.415222,,,0.37964202370280997
2024-12-30 11:41:14.451226,,,0.3885895131232746
2024-12-30 11:41:14.484730,,,0.37570906116021996
2024-12-30 11:41:14.520224,,,0.3898759418314649
2024-12-30 11:41:14.555786,,,0.375
2024-12-30 11:41:14.592507,,,0.3525432899222065
2024-12-30 11:41:14.628504,,,0.3544152148909444
2024-12-30 11:41:14.666024,,,0.35431448995146175
2024-12-30 11:41:14.702024,,,0.3618201722713311
2024-12-30 11:41:14.736029,,,0.349077473464456
2024-12-30 11:41:14.771538,,,0.3611111111111111
2024-12-30 11:41:14.806552,,,0.34820927516479827
2024-12-30 11:41:14.840250,,,0.3405868249277121
2024-12-30 11:41:14.875032,,,0.375
2024-12-30 11:41:14.909989,,,0.34837170180969745
2024-12-30 11:41:14.943973,,,0.36198082912366797
2024-12-30 11:41:14.979516,,,0.36519770025777754
2024-12-30 11:41:15.015602,,,0.3527033977659748
2024-12-30 11:41:15.051722,,,0.3611111111111111
2024-12-30 11:41:15.082456,,,0.3664841289659678
2024-12-30 11:41:15.114436,,,0.37964202370280997
2024-12-30 11:41:15.147903,,,0.3534047092436424
2024-12-30 11:41:15.181112,,,0.39086299477404096
2024-12-30 11:41:15.214223,,,0.3769741058851521
2024-12-30 11:41:15.246222,,,0.37598705294257606
2024-12-30 11:41:15.279706,,,0.3747220082176439
2024-12-30 11:41:15.312671,,,0.37598705294257606
2024-12-30 11:41:15.344688,,,0.375850103821861
2024-12-30 11:41:15.378256,,,0.36083311932875506
2024-12-30 11:41:15.413257,,,0.375850103821861
2024-12-30 11:41:15.445256,,,0.3862780687292991
2024-12-30 11:41:15.478396,,,0.39086299477404096
2024-12-30 11:41:15.510399,,,0.37570906116021996
2024-12-30 11:41:15.541399,,,0.376696114102796
2024-12-30 11:41:15.574496,,,0.3747220082176439
2024-12-30 11:41:15.606500,,,0.3763936989113835
2024-12-30 11:41:15.639521,,,0.39056361900842673
2024-12-30 11:41:15.675036,,,0.38597717325078573
2024-12-30 11:41:15.708038,,,0.39026120381701424
2024-12-30 11:41:15.739036,,,0.37570906116021996
2024-12-30 11:41:15.771546,,,0.3754081656817066
2024-12-30 11:41:15.808548,,,0.4009585742171667
2024-12-30 11:41:15.843547,,,0.3885895131232746
2024-12-30 11:41:15.881196,,,0.37614947958747524
2024-12-30 11:41:15.916208,,,0.37568615746406264
2024-12-30 11:41:15.951240,,,0.34820927516479827
2024-12-30 11:41:15.985415,,,0.2571245493908083
2024-12-30 11:41:16.020416,2024-12-30 11:41:16.139127,0.118711,0.31347172154534253
2024-12-30 11:41:16.139127,,,0.31347172154534253
2024-12-30 11:41:16.173693,,,0.34024681450680033
2024-12-30 11:41:16.207693,,,0.32430479570967397
2024-12-30 11:41:16.244695,,,0.33954550302913267
2024-12-30 11:41:16.279443,,,0.3431372549019608
2024-12-30 11:41:16.312534,,,0.3506205851833582
2024-12-30 11:41:16.346429,,,0.3527058724998742
2024-12-30 11:41:16.380955,,,0.35155568797106185
2024-12-30 11:41:16.416002,,,0.37173202614379086
2024-12-30 11:41:16.451957,,,0.3564436296276105
2024-12-30 11:41:16.486524,,,0.36200221310692615
2024-12-30 11:41:16.520546,,,0.3440477283013105
2024-12-30 11:41:16.556270,,,0.35155568797106185
2024-12-30 11:41:16.599612,,,0.33943734534023684
2024-12-30 11:41:16.640884,,,0.3491003771606133
2024-12-30 11:41:16.677060,,,0.3472222222222222
2024-12-30 11:41:16.710954,,,0.34837170180969745
2024-12-30 11:41:16.743057,,,0.3654970760233918
2024-12-30 11:41:16.775782,,,0.3480919402347791
2024-12-30 11:41:16.808778,,,0.3627828018048507
2024-12-30 11:41:16.842774,,,0.37442263245202967
2024-12-30 11:41:16.876224,,,0.375
2024-12-30 11:41:16.909289,,,0.3654970760233918
2024-12-30 11:41:16.943290,,,0.37173202614379086
2024-12-30 11:41:16.977807,,,0.37568615746406264
2024-12-30 11:41:17.009900,,,0.36209816405368717
2024-12-30 11:41:17.042935,,,0.3493587547522735
2024-12-30 11:41:17.077428,,,0.34952118139717275
2024-12-30 11:41:17.110533,,,0.3493587547522735
2024-12-30 11:41:17.143538,,,0.36154066077607583
2024-12-30 11:41:17.176273,,,0.34837170180969745
2024-12-30 11:41:17.209277,,,0.36209816405368717
2024-12-30 11:41:17.243298,,,0.3622605906985864
2024-12-30 11:41:17.277122,,,0.37812358547262737
2024-12-30 11:41:17.310048,,,0.37376419396674154
2024-12-30 11:41:17.343036,,,0.39086299477404096
2024-12-30 11:41:17.376558,,,0.39086299477404096
2024-12-30 11:41:17.409449,,,0.39086299477404096
2024-12-30 11:41:17.441549,,,0.40430743060142504
2024-12-30 11:41:17.474964,,,0.3615406607760759
2024-12-30 11:41:17.508238,,,0.3754081656817066
2024-12-30 11:41:17.541594,,,0.3618201722713311
2024-12-30 11:41:17.575319,,,0.3786549707602339
2024-12-30 11:41:17.608326,,,0.3888888888888889
2024-12-30 11:41:17.641318,,,0.37570906116021996
2024-12-30 11:41:17.674095,,,0.37614947958747524
2024-12-30 11:41:17.706983,,,0.375
2024-12-30 11:41:17.741168,,,0.39056361900842673
2024-12-30 11:41:17.773696,,,0.3885895131232746
2024-12-30 11:41:17.806113,,,0.37959007354793756
2024-12-30 11:41:17.840130,,,0.3888888888888889
2024-12-30 11:41:17.872942,,,0.3885895131232746
2024-12-30 11:41:17.904839,,,0.3885895131232746
2024-12-30 11:41:17.937841,,,0.37470062423438577
2024-12-30 11:41:17.971300,,,0.37598705294257606
2024-12-30 11:41:18.002480,,,0.3205939240319197
2024-12-30 11:41:18.035263,2024-12-30 11:41:18.071372,0.036109,0.2511806977411777
2024-12-30 11:41:18.071372,,,0.2511806977411777
2024-12-30 11:41:18.107347,,,0.2914528268340851
2024-12-30 11:41:18.144857,,,0.33305534155097727
2024-12-30 11:41:18.180338,,,0.33443061257309925
2024-12-30 11:41:18.214341,,,0.3330767255342354
2024-12-30 11:41:18.250361,,,0.3420422696555524
2024-12-30 11:41:18.286407,,,0.3330767255342354
2024-12-30 11:41:18.320406,,,0.2638888888888889
2024-12-30 11:41:18.355411,2024-12-30 11:41:18.464680,0.109269,0.2797569938590261
2024-12-30 11:41:18.464680,,,0.2797569938590261
2024-12-30 11:41:18.499472,,,0.3212074303405573
2024-12-30 11:41:18.536473,,,0.3281522270332101
2024-12-30 11:41:18.572036,,,0.34288064710286287
2024-12-30 11:41:18.610034,,,0.3706105102988555
2024-12-30 11:41:18.645034,,,0.3577086743525426
2024-12-30 11:41:18.681383,,,0.348153800221062
2024-12-30 11:41:18.717358,,,0.3328201177351375
2024-12-30 11:41:18.752372,,,0.37599220044577175
2024-12-30 11:41:18.786896,,,0.3706105102988555
2024-12-30 11:41:18.822316,,,0.36542319287669256
2024-12-30 11:41:18.857344,,,0.32565038417059056
2024-12-30 11:41:18.888829,,,0.3852910157867231
2024-12-30 11:41:18.920846,,,0.3608545033120132
2024-12-30 11:41:18.953835,,,0.35155568797106185
2024-12-30 11:41:18.985354,,,0.37145403436143476
2024-12-30 11:41:19.018340,,,0.36105579210014327
2024-12-30 11:41:19.051339,,,0.36083311932875506
2024-12-30 11:41:19.083868,,,0.36131169495790416
2024-12-30 11:41:19.116030,,,0.3892756705873373
2024-12-30 11:41:19.156929,,,0.3608117353454968
2024-12-30 11:41:19.188490,,,0.3333333333333333
2024-12-30 11:41:19.221489,,,0.33857034982033907
2024-12-30 11:41:19.254494,,,0.3589926168423772
2024-12-30 11:41:19.286997,,,0.3480937100273414
2024-12-30 11:41:19.319999,,,0.3870696853282778
2024-12-30 11:41:19.353101,,,0.36316420495488627
2024-12-30 11:41:19.384822,,,0.3727190790863669
2024-12-30 11:41:19.417823,,,0.3589926168423772
2024-12-30 11:41:19.450115,,,0.3622291021671826
2024-12-30 11:41:19.492106,,,0.37693498452012386
2024-12-30 11:41:19.524421,,,0.3513301953521468
2024-12-30 11:41:19.555566,,,0.386437908496732
2024-12-30 11:41:19.587295,,,0.3622291021671826
2024-12-30 11:41:19.623339,,,0.34907120743034054
2024-12-30 11:41:19.656360,,,0.37693498452012386
2024-12-30 11:41:19.689365,,,0.3622291021671826
2024-12-30 11:41:19.723380,,,0.3632742170475573
2024-12-30 11:41:19.756487,,,0.3578431372549019
2024-12-30 11:41:19.796121,,,0.37173202614379086
2024-12-30 11:41:19.829495,,,0.3575132380089453
