Blink Start Time,Blink End Time,Blink Duration (seconds),EAR
2024-12-24 15:34:07.531329,,,0.2691726870147717
2024-12-24 15:34:09.369627,,,0.29261650458713184
2024-12-24 15:34:09.419628,,,0.2935941314703785
2024-12-24 15:34:09.888521,2024-12-24 15:34:10.057408,0.168887,0.2588953889980351
2024-12-24 15:34:10.057408,,,0.2588953889980351
2024-12-24 15:34:10.091151,2024-12-24 15:34:10.191904,0.100753,0.25933027204925174
2024-12-24 15:34:10.191904,,,0.25933027204925174
2024-12-24 15:34:10.224008,,,0.2860674177554353
2024-12-24 15:34:10.258337,,,0.25291136702322037
2024-12-24 15:34:10.289889,2024-12-24 15:34:10.331089,0.0412,0.2655800060347825
2024-12-24 15:34:10.331089,,,0.2655800060347825
2024-12-24 15:34:10.362281,2024-12-24 15:34:10.532160,0.169879,0.26235957501629503
2024-12-24 15:34:10.532160,,,0.26235957501629503
2024-12-24 15:34:10.568678,,,0.2579263457717154
2024-12-24 15:34:10.603677,2024-12-24 15:34:10.637981,0.034304,0.26375002398337977
2024-12-24 15:34:10.637981,,,0.26375002398337977
2024-12-24 15:34:10.673276,2024-12-24 15:34:10.992072,0.318796,0.25040987048453395
2024-12-24 15:34:10.992072,,,0.25040987048453395
2024-12-24 15:34:11.027072,2024-12-24 15:34:12.505913,1.478841,0.2522415118272435
2024-12-24 15:34:12.505913,,,0.2522415118272435
2024-12-24 15:34:12.539812,,,0.2626172166399242
2024-12-24 15:34:12.571401,,,0.2532821498568153
2024-12-24 15:34:12.603485,2024-12-24 15:34:12.733279,0.129794,0.26477034405659683
2024-12-24 15:34:12.733279,,,0.26477034405659683
2024-12-24 15:34:12.766199,2024-12-24 15:34:12.798669,0.03247,0.2589470852553214
2024-12-24 15:34:12.798669,,,0.2589470852553214
2024-12-24 15:34:12.831582,2024-12-24 15:34:13.030089,0.198507,0.2521346197139413
2024-12-24 15:34:13.030089,,,0.2521346197139413
2024-12-24 15:34:13.062237,2024-12-24 15:34:13.129311,0.067074,0.25769526147033783
2024-12-24 15:34:13.129311,,,0.25769526147033783
2024-12-24 15:34:13.161313,2024-12-24 15:34:13.601911,0.440598,0.2561240221982264
2024-12-24 15:34:13.601911,,,0.2561240221982264
2024-12-24 15:34:13.634928,2024-12-24 15:34:13.668032,0.033104,0.2612616972855015
2024-12-24 15:34:13.668032,,,0.2612616972855015
2024-12-24 15:34:13.698614,,,0.25271760716291153
2024-12-24 15:34:13.741630,,,0.2736440762507606
2024-12-24 15:34:13.777288,,,0.250520740804692
2024-12-24 15:34:13.811306,2024-12-24 15:34:13.954113,0.142807,0.26484452256534813
2024-12-24 15:34:13.954113,,,0.26484452256534813
2024-12-24 15:34:13.987830,2024-12-24 15:34:14.023831,0.036001,0.26484452256534813
2024-12-24 15:34:14.023831,,,0.26484452256534813
2024-12-24 15:34:14.060820,,,0.26502638712686
2024-12-24 15:34:14.097327,,,0.27672537477187126
2024-12-24 15:34:14.130345,,,0.2723363286473278
2024-12-24 15:34:14.165357,,,0.28520919436294506
2024-12-24 15:34:14.198865,,,0.28499535453036345
2024-12-24 15:34:14.233865,,,0.28969283037684
2024-12-24 15:34:14.271371,,,0.2782101276701303
2024-12-24 15:34:14.308379,,,0.27347084411343126
2024-12-24 15:34:14.346380,,,0.27518064446923207
2024-12-24 15:34:14.381508,,,0.30285072511368216
2024-12-24 15:34:14.420523,,,0.25754270092150516
2024-12-24 15:34:14.457513,2024-12-24 15:34:14.647611,0.190098,0.30085725583566036
2024-12-24 15:34:14.647611,,,0.30085725583566036
2024-12-24 15:34:14.680121,,,0.2533298002383644
2024-12-24 15:34:14.713813,2024-12-24 15:34:14.872544,0.158731,0.2950637662700566
2024-12-24 15:34:14.872544,,,0.2950637662700566
2024-12-24 15:34:14.903551,2024-12-24 15:34:15.046221,0.14267,0.25615928398001675
2024-12-24 15:34:15.046221,,,0.25615928398001675
2024-12-24 15:34:15.081527,,,0.2525617506781386
2024-12-24 15:34:15.118526,2024-12-24 15:34:15.152525,0.033999,0.2546367554313887
2024-12-24 15:34:15.152525,,,0.2546367554313887
2024-12-24 15:34:15.188162,,,0.25527248307729034
2024-12-24 15:34:15.223162,,,0.28405728929761803
2024-12-24 15:34:15.258166,2024-12-24 15:34:15.294983,0.036817,0.25402938157795457
2024-12-24 15:34:15.294983,,,0.25402938157795457
2024-12-24 15:34:15.331327,,,0.2546346835590685
2024-12-24 15:34:15.366253,2024-12-24 15:34:15.402121,0.035868,0.25810712638021704
2024-12-24 15:34:15.402121,,,0.25810712638021704
2024-12-24 15:34:15.438125,2024-12-24 15:34:15.762662,0.324537,0.26953584668754665
2024-12-24 15:34:15.762662,,,0.26953584668754665
2024-12-24 15:34:15.798208,,,0.25384849267753323
2024-12-24 15:34:15.832208,2024-12-24 15:34:16.198632,0.366424,0.26318635317951966
2024-12-24 15:34:16.198632,,,0.26318635317951966
2024-12-24 15:34:16.233632,2024-12-24 15:34:17.434334,1.200702,0.2520911213289967
2024-12-24 15:34:17.434334,,,0.2520911213289967
2024-12-24 15:34:17.466617,2024-12-24 15:34:17.833347,0.36673,0.2553813126580705
2024-12-24 15:34:17.833347,,,0.2553813126580705
2024-12-24 15:34:17.866570,2024-12-24 15:34:17.998616,0.132046,0.25224165294317885
2024-12-24 15:34:17.998616,,,0.25224165294317885
2024-12-24 15:34:18.031634,2024-12-24 15:34:18.097312,0.065678,0.2593961893183241
2024-12-24 15:34:18.097312,,,0.2593961893183241
2024-12-24 15:34:18.130607,2024-12-24 15:34:18.330881,0.200274,0.27034945948043343
2024-12-24 15:34:18.330881,,,0.27034945948043343
2024-12-24 15:34:18.364888,,,0.28221574845831543
2024-12-24 15:34:18.399496,,,0.262287946755658
2024-12-24 15:34:18.435500,,,0.25565379243416486
2024-12-24 15:34:18.469628,2024-12-24 15:34:18.503343,0.033715,0.26619785554627085
2024-12-24 15:34:18.503343,,,0.26619785554627085
2024-12-24 15:34:18.536605,,,0.26070848846216665
2024-12-24 15:34:18.570611,2024-12-24 15:34:18.604253,0.033642,0.2533165343962599
2024-12-24 15:34:18.604253,,,0.2533165343962599
2024-12-24 15:34:18.637253,,,0.2666643932882563
2024-12-24 15:34:18.670275,2024-12-24 15:34:18.769143,0.098868,0.25450778513075345
2024-12-24 15:34:18.769143,,,0.25450778513075345
2024-12-24 15:34:18.802741,,,0.25450778513075345
2024-12-24 15:34:18.835642,,,0.26864107853810626
2024-12-24 15:34:18.870906,,,0.2544922605895658
2024-12-24 15:34:18.905151,,,0.2525835888895752
2024-12-24 15:34:18.938149,,,0.2575905759782676
2024-12-24 15:34:18.969303,2024-12-24 15:34:19.313122,0.343819,0.25971353322617746
2024-12-24 15:34:19.313122,,,0.25971353322617746
2024-12-24 15:34:19.348122,2024-12-24 15:34:19.489746,0.141624,0.2536200302534446
2024-12-24 15:34:19.489746,,,0.2536200302534446
2024-12-24 15:34:19.523748,2024-12-24 15:34:19.988382,0.464634,0.2555224384363774
2024-12-24 15:34:19.988382,,,0.2555224384363774
2024-12-24 15:34:20.022384,2024-12-24 15:34:20.273901,0.251517,0.2555224384363774
2024-12-24 15:34:20.273901,,,0.2555224384363774
2024-12-24 15:34:20.308398,2024-12-24 15:34:20.922143,0.613745,0.2555224384363774
2024-12-24 15:34:20.922143,,,0.2555224384363774
2024-12-24 15:34:20.960111,2024-12-24 15:34:21.103147,0.143036,0.2507110863850923
2024-12-24 15:34:21.103147,,,0.2507110863850923
2024-12-24 15:34:21.138166,,,0.2526197580850829
2024-12-24 15:34:21.177151,2024-12-24 15:34:21.391172,0.214021,0.2534752223348782
2024-12-24 15:34:21.391172,,,0.2534752223348782
2024-12-24 15:34:21.427227,,,0.27010497496582164
2024-12-24 15:34:21.459171,,,0.2555224384363774
2024-12-24 15:34:21.491938,2024-12-24 15:34:21.759439,0.267501,0.2534752223348782
2024-12-24 15:34:21.759439,,,0.2534752223348782
2024-12-24 15:34:21.794005,2024-12-24 15:34:22.387404,0.593399,0.2537244615764109
2024-12-24 15:34:22.387404,,,0.2537244615764109
2024-12-24 15:34:22.423405,2024-12-24 15:34:22.534170,0.110765,0.2555224384363774
2024-12-24 15:34:22.534170,,,0.2555224384363774
2024-12-24 15:34:22.570155,,,0.2555224384363774
2024-12-24 15:34:22.603703,,,0.2555224384363774
2024-12-24 15:34:22.635812,,,0.2534752223348782
2024-12-24 15:34:22.670753,2024-12-24 15:34:22.706244,0.035491,0.2516772454749116
2024-12-24 15:34:22.706244,,,0.2516772454749116
2024-12-24 15:34:22.739245,2024-12-24 15:34:22.806099,0.066854,0.2534752223348782
2024-12-24 15:34:22.806099,,,0.2534752223348782
2024-12-24 15:34:22.841100,,,0.2613669276068844
2024-12-24 15:34:22.875106,,,0.2555224384363774
2024-12-24 15:34:22.909604,,,0.26772859685854844
2024-12-24 15:34:22.945881,,,0.2534752223348782
2024-12-24 15:34:22.979832,,,0.2555224384363774
2024-12-24 15:34:23.010641,,,0.2534752223348782
2024-12-24 15:34:23.043639,,,0.25944714812136166
2024-12-24 15:34:23.074643,2024-12-24 15:34:23.107319,0.032676,0.2534752223348782
2024-12-24 15:34:23.107319,,,0.2534752223348782
2024-12-24 15:34:23.142331,2024-12-24 15:34:24.319158,1.176827,0.25614378667692267
2024-12-24 15:34:24.319158,,,0.25614378667692267
2024-12-24 15:34:24.357157,2024-12-24 15:34:24.647262,0.290105,0.2534752223348782
2024-12-24 15:34:24.647262,,,0.2534752223348782
2024-12-24 15:34:24.682270,2024-12-24 15:34:24.717406,0.035136,0.2555224384363774
2024-12-24 15:34:24.717406,,,0.2555224384363774
2024-12-24 15:34:24.752431,,,0.2534752223348782
2024-12-24 15:34:24.787920,,,0.2555224384363774
2024-12-24 15:34:24.822920,2024-12-24 15:34:24.897403,0.074483,0.2555224384363774
2024-12-24 15:34:24.897403,,,0.2555224384363774
2024-12-24 15:34:24.936399,2024-12-24 15:34:24.975408,0.039009,0.2534752223348782
2024-12-24 15:34:24.975408,,,0.2534752223348782
2024-12-24 15:34:25.011498,,,0.2555224384363774
2024-12-24 15:34:25.049524,,,0.2534752223348782
2024-12-24 15:34:25.088052,2024-12-24 15:34:26.144693,1.056641,0.2629373151382368
2024-12-24 15:34:26.144693,,,0.2629373151382368
2024-12-24 15:34:26.178796,,,0.2533165343962599
2024-12-24 15:34:26.213890,2024-12-24 15:34:26.289854,0.075964,0.2545284297850735
2024-12-24 15:34:26.289854,,,0.2545284297850735
2024-12-24 15:34:26.325093,,,0.26102864343824617
2024-12-24 15:34:26.360080,2024-12-24 15:34:26.523577,0.163497,0.25644364328816993
2024-12-24 15:34:26.523577,,,0.25644364328816993
2024-12-24 15:34:26.557578,,,0.25582229504762466
2024-12-24 15:34:26.590101,2024-12-24 15:34:26.623116,0.033015,0.27658588654861616
2024-12-24 15:34:26.623116,,,0.27658588654861616
2024-12-24 15:34:26.655103,2024-12-24 15:34:27.236573,0.58147,0.2555224384363774
2024-12-24 15:34:27.236573,,,0.2555224384363774
2024-12-24 15:34:27.270581,2024-12-24 15:34:27.468374,0.197793,0.25069997859956017
2024-12-24 15:34:27.468374,,,0.25069997859956017
2024-12-24 15:34:27.509951,2024-12-24 15:34:31.824200,4.314249,0.2507110863850923
2024-12-24 15:34:31.824200,,,0.2507110863850923
2024-12-24 15:34:31.857304,2024-12-24 15:34:38.446868,6.589564,0.25069997859956017
2024-12-24 15:34:38.446868,,,0.25069997859956017
2024-12-24 15:34:38.481875,2024-12-24 15:34:38.559983,0.078108,0.2545284297850735
2024-12-24 15:34:38.559983,,,0.2545284297850735
2024-12-24 15:34:38.602154,2024-12-24 15:34:39.198055,0.595901,0.25779518775209687
2024-12-24 15:34:39.198055,,,0.25779518775209687
2024-12-24 15:34:39.232133,2024-12-24 15:34:39.366870,0.134737,0.2750417196601568
2024-12-24 15:34:39.366870,,,0.2750417196601568
2024-12-24 15:34:39.401494,2024-12-24 15:34:39.604550,0.203056,0.25069997859956017
2024-12-24 15:34:39.604550,,,0.25069997859956017
2024-12-24 15:34:39.639566,,,0.27247569323996446
2024-12-24 15:34:39.674660,2024-12-24 15:34:39.872352,0.197692,0.2750417196601568
2024-12-24 15:34:39.872352,,,0.2750417196601568
2024-12-24 15:34:39.906764,,,0.25069997859956017
2024-12-24 15:34:39.939779,2024-12-24 15:34:40.314813,0.375034,0.25069997859956017
2024-12-24 15:34:40.314813,,,0.25069997859956017
2024-12-24 15:34:40.348798,2024-12-24 15:34:41.070631,0.721833,0.2545284297850735
2024-12-24 15:34:41.070631,,,0.2545284297850735
2024-12-24 15:34:41.106145,2024-12-24 15:34:41.215685,0.10954,0.25069997859956017
2024-12-24 15:34:41.215685,,,0.25069997859956017
2024-12-24 15:34:41.252103,2024-12-24 15:34:41.388004,0.135901,0.2662945501383553
2024-12-24 15:34:41.388004,,,0.2662945501383553
2024-12-24 15:34:41.423592,2024-12-24 15:34:41.489611,0.066019,0.2526197580850829
2024-12-24 15:34:41.489611,,,0.2526197580850829
2024-12-24 15:34:41.524346,2024-12-24 15:34:42.884558,1.360212,0.25069997859956017
2024-12-24 15:34:42.884558,,,0.25069997859956017
2024-12-24 15:34:42.923075,2024-12-24 15:34:43.800434,0.877359,0.25069997859956017
2024-12-24 15:34:43.800434,,,0.25069997859956017
2024-12-24 15:34:43.832041,2024-12-24 15:34:45.213832,1.381791,0.26176158894493096
2024-12-24 15:34:45.213832,,,0.26176158894493096
2024-12-24 15:34:45.246838,2024-12-24 15:34:45.453266,0.206428,0.25582229504762466
2024-12-24 15:34:45.453266,,,0.25582229504762466
2024-12-24 15:34:45.486263,2024-12-24 15:34:47.331770,1.845507,0.2555224384363774
2024-12-24 15:34:47.331770,,,0.2555224384363774
2024-12-24 15:34:47.367707,2024-12-24 15:35:10.645690,23.277983,0.28226669041226793
2024-12-24 15:35:10.645690,,,0.28226669041226793
2024-12-24 15:35:10.680767,,,0.33555732522116194
2024-12-24 15:35:11.310911,,,0.3324116159349082
2024-12-24 15:35:11.375640,,,0.3689630498148799
2024-12-24 15:35:11.505711,2024-12-24 15:35:11.573149,0.067438,0.29268472854193095
2024-12-24 15:35:11.573149,,,0.29268472854193095
2024-12-24 15:35:11.609340,,,0.27766103552622934
2024-12-24 15:35:11.643455,2024-12-24 15:35:11.677684,0.034229,0.28018556400665445
2024-12-24 15:35:11.677684,,,0.28018556400665445
2024-12-24 15:35:11.714594,2024-12-24 15:35:11.782089,0.067495,0.2608888649853335
2024-12-24 15:35:11.782089,,,0.2608888649853335
2024-12-24 15:35:11.815090,2024-12-24 15:35:11.915601,0.100511,0.2524985188331524
2024-12-24 15:35:11.915601,,,0.2524985188331524
2024-12-24 15:35:11.951212,2024-12-24 15:35:12.501553,0.550341,0.26607435620349584
2024-12-24 15:35:12.501553,,,0.26607435620349584
2024-12-24 15:35:12.535074,2024-12-24 15:35:12.677145,0.142071,0.2520085503136173
2024-12-24 15:35:12.677145,,,0.2520085503136173
2024-12-24 15:35:12.711261,,,0.2786047568099851
2024-12-24 15:35:12.744929,,,0.26452001025004857
2024-12-24 15:35:12.777817,,,0.2704952423798749
2024-12-24 15:35:12.809817,,,0.27352743601574425
2024-12-24 15:35:12.844662,,,0.311051795316997
2024-12-24 15:35:12.880873,,,0.2608238821302416
2024-12-24 15:35:12.916815,,,0.28167608194801075
2024-12-24 15:35:12.950497,,,0.26554110171102674
2024-12-24 15:35:12.984381,2024-12-24 15:35:13.568684,0.584303,0.27856838565241127
2024-12-24 15:35:13.568684,,,0.27856838565241127
2024-12-24 15:35:13.611683,,,0.25278625752998085
2024-12-24 15:35:13.646199,,,0.2842774438724188
2024-12-24 15:35:13.681199,2024-12-24 15:35:13.755723,0.074524,0.2666766351326711
2024-12-24 15:35:13.755723,,,0.2666766351326711
2024-12-24 15:35:13.794725,2024-12-24 15:35:13.870923,0.076198,0.2789453435060727
2024-12-24 15:35:13.870923,,,0.2789453435060727
2024-12-24 15:35:13.905907,,,0.25133640368623544
2024-12-24 15:35:13.943452,,,0.26023219318494295
2024-12-24 15:35:13.980452,2024-12-24 15:35:14.017470,0.037018,0.3414798650986175
2024-12-24 15:35:14.017470,,,0.3414798650986175
2024-12-24 15:35:14.056002,,,0.392420550362005
2024-12-24 15:35:14.093002,,,0.3508714049928854
2024-12-24 15:35:14.127006,,,0.28952471141310365
2024-12-24 15:35:14.165520,,,0.2731591406012409
2024-12-24 15:35:14.204813,2024-12-24 15:35:14.248795,0.043982,0.2741927893946031
2024-12-24 15:35:14.248795,,,0.2741927893946031
2024-12-24 15:35:14.289799,2024-12-24 15:35:14.330803,0.041004,0.2693253166395938
2024-12-24 15:35:14.330803,,,0.2693253166395938
2024-12-24 15:35:14.371316,2024-12-24 15:35:14.411315,0.039999,0.26155489978525714
2024-12-24 15:35:14.411315,,,0.26155489978525714
2024-12-24 15:35:14.450834,2024-12-24 15:35:14.697294,0.24646,0.28524617562483934
2024-12-24 15:35:14.697294,,,0.28524617562483934
2024-12-24 15:35:14.737590,2024-12-24 15:35:14.818593,0.081003,0.27736147069877687
2024-12-24 15:35:14.818593,,,0.27736147069877687
2024-12-24 15:35:14.862303,,,0.26936302655417055
2024-12-24 15:35:14.910723,,,0.2731803699541518
2024-12-24 15:35:14.963101,,,0.26101130026908476
2024-12-24 15:35:15.002114,,,0.2779737214568192
2024-12-24 15:35:15.040892,,,0.2766184019542298
2024-12-24 15:35:15.076845,,,0.2642099859779421
2024-12-24 15:35:15.111956,,,0.26014947533481514
2024-12-24 15:35:15.149465,,,0.2943755802939205
2024-12-24 15:35:15.187363,,,0.29629092466994966
2024-12-24 15:35:15.223545,,,0.3003717102014727
2024-12-24 15:35:15.259366,,,0.2712716982541612
2024-12-24 15:35:15.293382,,,0.30190694258742684
2024-12-24 15:35:15.326497,,,0.26578708129479356
2024-12-24 15:35:15.359900,,,0.31622776601683794
2024-12-24 15:35:15.394916,,,0.2826952545462892
2024-12-24 15:35:15.428950,,,0.2942637791558895
2024-12-24 15:35:15.462442,,,0.2736170097203189
2024-12-24 15:35:15.495442,2024-12-24 15:35:15.530457,0.035015,0.259219052717389
2024-12-24 15:35:15.530457,,,0.259219052717389
2024-12-24 15:35:15.563542,2024-12-24 15:35:15.596527,0.032985,0.2605398184125277
2024-12-24 15:35:15.596527,,,0.2605398184125277
2024-12-24 15:35:15.630562,,,0.26129951774762866
2024-12-24 15:35:15.664064,,,0.2611388322029117
2024-12-24 15:35:15.697063,,,0.2667165328820673
2024-12-24 15:35:15.729136,,,0.26853267690748606
2024-12-24 15:35:15.761698,,,0.25301868793667337
2024-12-24 15:35:15.795696,,,0.26012379155432275
2024-12-24 15:35:15.834821,,,0.2942637791558895
2024-12-24 15:35:15.868756,,,0.26980211858096315
2024-12-24 15:35:15.901770,,,0.2807865828462986
2024-12-24 15:35:15.935056,,,0.26565568033668396
2024-12-24 15:35:15.967940,,,0.2992410298163223
2024-12-24 15:35:16.000939,,,0.26741664493960327
2024-12-24 15:35:16.035457,,,0.2571991623637062
2024-12-24 15:35:16.068383,,,0.25287163607218965
2024-12-24 15:35:16.103381,2024-12-24 15:35:16.170926,0.067545,0.26366000337338813
2024-12-24 15:35:16.170926,,,0.26366000337338813
2024-12-24 15:35:16.204930,2024-12-24 15:35:16.240055,0.035125,0.2660600859597597
2024-12-24 15:35:16.240055,,,0.2660600859597597
2024-12-24 15:35:16.273040,,,0.2792513504603444
2024-12-24 15:35:16.307246,,,0.2857638335067314
2024-12-24 15:35:16.340745,,,0.2923718649333027
2024-12-24 15:35:16.374743,2024-12-24 15:35:16.409743,0.035,0.26338030546531543
2024-12-24 15:35:16.409743,,,0.26338030546531543
2024-12-24 15:35:16.443381,,,0.26744947838875205
2024-12-24 15:35:16.476380,,,0.2901353956971945
2024-12-24 15:35:16.510395,2024-12-24 15:35:16.543844,0.033449,0.26744947838875205
2024-12-24 15:35:16.543844,,,0.26744947838875205
2024-12-24 15:35:16.576859,,,0.2663886258433687
2024-12-24 15:35:16.610955,,,0.26012379155432275
2024-12-24 15:35:16.644374,,,0.2756203021305548
2024-12-24 15:35:16.677360,2024-12-24 15:35:16.710360,0.033,0.25301868793667337
2024-12-24 15:35:16.710360,,,0.25301868793667337
2024-12-24 15:35:16.743616,,,0.2516621289568298
2024-12-24 15:35:16.777254,,,0.25301868793667337
2024-12-24 15:35:16.810489,,,0.2516621289568298
2024-12-24 15:35:16.845114,,,0.26744947838875205
2024-12-24 15:35:16.880225,,,0.2516621289568298
2024-12-24 15:35:16.914128,,,0.26744947838875205
2024-12-24 15:35:16.947630,2024-12-24 15:35:17.015194,0.067564,0.26446884635784595
2024-12-24 15:35:17.015194,,,0.26446884635784595
2024-12-24 15:35:17.048738,2024-12-24 15:35:17.116739,0.068001,0.2565295843449163
2024-12-24 15:35:17.116739,,,0.2565295843449163
2024-12-24 15:35:17.151115,,,0.25821717049580895
2024-12-24 15:35:17.185073,,,0.2522857424299886
2024-12-24 15:35:17.218076,,,0.26239044965684977
2024-12-24 15:35:17.251694,,,0.250377070729998
2024-12-24 15:35:17.284691,,,0.2518782158865711
2024-12-24 15:35:17.321693,2024-12-24 15:35:17.488410,0.166717,0.250377070729998
2024-12-24 15:35:17.488410,,,0.250377070729998
2024-12-24 15:35:17.521662,2024-12-24 15:35:17.628090,0.106428,0.25685031099615385
2024-12-24 15:35:17.628090,,,0.25685031099615385
2024-12-24 15:35:17.661619,2024-12-24 15:35:17.729544,0.067925,0.2663886258433687
2024-12-24 15:35:17.729544,,,0.2663886258433687
2024-12-24 15:35:17.763248,2024-12-24 15:35:17.798255,0.035007,0.2526987364738471
2024-12-24 15:35:17.798255,,,0.2526987364738471
2024-12-24 15:35:17.832544,2024-12-24 15:35:17.966943,0.134399,0.28130157783082876
2024-12-24 15:35:17.966943,,,0.28130157783082876
2024-12-24 15:35:18.001965,,,0.26744947838875205
2024-12-24 15:35:18.039451,2024-12-24 15:35:18.150476,0.111025,0.2823892475920175
2024-12-24 15:35:18.150476,,,0.2823892475920175
2024-12-24 15:35:18.192479,2024-12-24 15:35:18.229480,0.037001,0.2522857424299886
2024-12-24 15:35:18.229480,,,0.2522857424299886
2024-12-24 15:35:18.263986,2024-12-24 15:35:18.371569,0.107583,0.2592349350918236
2024-12-24 15:35:18.371569,,,0.2592349350918236
2024-12-24 15:35:18.410604,2024-12-24 15:35:18.452767,0.042163,0.2596250900237449
2024-12-24 15:35:18.452767,,,0.2596250900237449
2024-12-24 15:35:18.492767,,,0.2551537470862167
2024-12-24 15:35:18.527064,,,0.25821717049580895
2024-12-24 15:35:18.569990,,,0.2571563179504256
2024-12-24 15:35:18.605991,2024-12-24 15:35:18.641505,0.035514,0.25069138190773305
2024-12-24 15:35:18.641505,,,0.25069138190773305
2024-12-24 15:35:18.677507,2024-12-24 15:35:18.719505,0.041998,0.25205824140738803
2024-12-24 15:35:18.719505,,,0.25205824140738803
2024-12-24 15:35:18.758934,,,0.2718368234382932
2024-12-24 15:35:18.798416,,,0.2582040120688
2024-12-24 15:35:18.836421,,,0.2811242704420244
2024-12-24 15:35:18.878580,,,0.25205824140738803
2024-12-24 15:35:18.917994,2024-12-24 15:35:18.989511,0.071517,0.25397802089291077
2024-12-24 15:35:18.989511,,,0.25397802089291077
2024-12-24 15:35:19.028517,,,0.2718368234382932
2024-12-24 15:35:19.071587,,,0.2561022029721834
2024-12-24 15:35:19.107585,,,0.250377070729998
2024-12-24 15:35:19.143096,,,0.25109890845115057
2024-12-24 15:35:19.178143,,,0.2522857424299886
2024-12-24 15:35:19.214148,,,0.250377070729998
2024-12-24 15:35:19.249662,,,0.26565568033668396
2024-12-24 15:35:19.288663,,,0.250377070729998
2024-12-24 15:35:19.330671,2024-12-24 15:35:19.481491,0.15082,0.25301868793667337
2024-12-24 15:35:19.481491,,,0.25301868793667337
2024-12-24 15:35:19.514513,,,0.25301868793667337
2024-12-24 15:35:19.548219,,,0.2513321512547454
2024-12-24 15:35:19.581219,,,0.26861325947546844
2024-12-24 15:35:19.616218,2024-12-24 15:35:19.650483,0.034265,0.26861325947546844
2024-12-24 15:35:19.650483,,,0.26861325947546844
2024-12-24 15:35:19.684538,,,0.2682376468784051
2024-12-24 15:35:19.717465,2024-12-24 15:35:19.750234,0.032769,0.25109890845115057
2024-12-24 15:35:19.750234,,,0.25109890845115057
2024-12-24 15:35:19.786292,2024-12-24 15:35:20.020966,0.234674,0.28516674235821443
2024-12-24 15:35:20.020966,,,0.28516674235821443
2024-12-24 15:35:20.053907,,,0.25745474263997536
2024-12-24 15:35:20.089206,2024-12-24 15:35:20.228839,0.139633,0.25310422314145364
2024-12-24 15:35:20.228839,,,0.25310422314145364
2024-12-24 15:35:20.261553,2024-12-24 15:35:22.238631,1.977078,0.25335270359176765
2024-12-24 15:35:22.238631,,,0.25335270359176765
2024-12-24 15:35:22.275620,2024-12-24 15:36:12.982166,50.706546,0.2525835888895752
2024-12-24 15:36:12.982166,,,0.2525835888895752
2024-12-24 15:36:13.020682,2024-12-24 15:36:13.057150,0.036468,0.2509434062891991
2024-12-24 15:36:13.057150,,,0.2509434062891991
2024-12-24 15:36:13.095843,2024-12-24 15:36:42.916512,29.820669,0.2525835888895752
2024-12-24 15:36:42.916512,,,0.2525835888895752
2024-12-24 15:36:42.950016,2024-12-24 15:36:50.556342,7.606326,0.2533165343962599
2024-12-24 15:36:50.556342,,,0.2533165343962599
2024-12-24 15:36:50.589342,,,0.2536200302534446
2024-12-24 15:36:50.622746,2024-12-24 15:37:05.830372,15.207626,0.25158626807272433
2024-12-24 15:37:05.830372,,,0.25158626807272433
2024-12-24 15:37:05.871875,2024-12-24 15:37:05.946197,0.074322,0.2525835888895752
2024-12-24 15:37:05.946197,,,0.2525835888895752
