Blink Start Time,Blink End Time,Blink Duration (seconds),EAR
2024-12-20 16:29:01.929057,,,0.3389281841543984
2024-12-20 16:29:04.245927,,,0.2612312444524585
2024-12-20 16:29:04.310066,2024-12-20 16:29:04.548739,0.238673,0.28923810369244685
2024-12-20 16:29:04.548739,,,0.28923810369244685
2024-12-20 16:29:04.581798,,,0.3116876622169068
2024-12-20 16:29:04.614389,,,0.29911754327262563
2024-12-20 16:29:04.647365,,,0.2796460573172915
2024-12-20 16:29:04.680385,,,0.29453238522835823
2024-12-20 16:29:04.710876,,,0.30975134417009004
2024-12-20 16:29:04.744876,,,0.31256085478000517
2024-12-20 16:29:04.777876,,,0.29463353571313033
2024-12-20 16:29:04.807454,,,0.2745486261208944
2024-12-20 16:29:04.853102,,,0.2898049619512711
2024-12-20 16:29:04.888162,,,0.3008292881097494
2024-12-20 16:29:04.920728,,,0.29693872897412615
2024-12-20 16:29:04.954823,,,0.32145465011377244
2024-12-20 16:29:04.987628,,,0.2973243087988137
2024-12-20 16:29:05.020535,,,0.27475657231036105
2024-12-20 16:29:05.052552,,,0.2825203107376156
2024-12-20 16:29:05.085837,,,0.3030550548786759
2024-12-20 16:29:05.116438,,,0.2822464545867718
2024-12-20 16:29:05.154326,,,0.28715619872783205
2024-12-20 16:29:05.188333,,,0.29035114384915617
2024-12-20 16:29:05.221840,,,0.28860294117647056
2024-12-20 16:29:05.254841,,,0.2966011438491562
2024-12-20 16:29:05.287845,,,0.2809761438491562
2024-12-20 16:29:05.319352,,,0.2727040850256268
2024-12-20 16:29:05.352352,,,0.27429672929069554
2024-12-20 16:29:05.384371,,,0.29035114384915617
2024-12-20 16:29:05.414957,,,0.2809761438491562
2024-12-20 16:29:05.461818,,,0.29015012107635785
2024-12-20 16:29:05.494974,,,0.296875
2024-12-20 16:29:05.527698,,,0.25710951348683164
2024-12-20 16:29:05.561611,,,0.26702749564504
2024-12-20 16:29:05.594917,,,0.25710951348683164
2024-12-20 16:29:05.627079,,,0.25688112170116933
2024-12-20 16:29:05.658967,,,0.2809761438491562
2024-12-20 16:29:05.692972,,,0.2982332486886634
2024-12-20 16:29:05.723768,,,0.2809761438491562
2024-12-20 16:29:05.754851,,,0.2874300548786759
2024-12-20 16:29:05.798256,,,0.27443411049401156
2024-12-20 16:29:05.831300,,,0.25688112170116933
2024-12-20 16:29:05.864256,,,0.26651625920025973
2024-12-20 16:29:05.896279,,,0.2661620516704821
2024-12-20 16:29:05.928785,,,0.2955738163763645
2024-12-20 16:29:05.961786,,,0.2571245493908083
2024-12-20 16:29:05.993878,,,0.2953175349207925
2024-12-20 16:29:06.027669,,,0.296875
2024-12-20 16:29:06.058559,2024-12-20 16:29:06.269943,0.211384,0.2727495493908083
2024-12-20 16:29:06.269943,,,0.2727495493908083
2024-12-20 16:29:06.303782,,,0.2579982026726856
2024-12-20 16:29:06.338788,,,0.2651077161595173
2024-12-20 16:29:06.374783,2024-12-20 16:29:06.410329,0.035546,0.2809761438491562
2024-12-20 16:29:06.410329,,,0.2809761438491562
2024-12-20 16:29:06.446352,,,0.28262206718383515
2024-12-20 16:29:06.481353,,,0.2580690439029407
2024-12-20 16:29:06.516457,,,0.2809761438491562
2024-12-20 16:29:06.550473,,,0.2644774905672789
2024-12-20 16:29:06.586462,,,0.2727495493908083
2024-12-20 16:29:06.622248,,,0.2965707153879513
2024-12-20 16:29:06.655982,,,0.3189338235294118
2024-12-20 16:29:06.689970,,,0.2798902202620157
2024-12-20 16:29:06.723480,,,0.2809761438491562
2024-12-20 16:29:06.759480,,,0.2580899056436944
2024-12-20 16:29:06.793544,,,0.2653511438491562
2024-12-20 16:29:06.828030,,,0.265625
2024-12-20 16:29:06.863036,,,0.30640318332918626
2024-12-20 16:29:06.897032,,,0.2726621410236902
2024-12-20 16:29:06.932370,,,0.2828692407882273
2024-12-20 16:29:06.968219,,,0.2965707153879513
2024-12-20 16:29:07.003730,,,0.3045087113913807
2024-12-20 16:29:07.038731,,,0.2651077161595173
2024-12-20 16:29:07.073729,,,0.2809761438491562
2024-12-20 16:29:07.109246,,,0.28608601355781726
2024-12-20 16:29:07.144268,,,0.2841662340722945
2024-12-20 16:29:07.180242,,,0.3030550548786759
2024-12-20 16:29:07.214383,,,0.2892435834132091
2024-12-20 16:29:07.249401,,,0.2957890764128595
2024-12-20 16:29:07.281030,,,0.26919819464970807
2024-12-20 16:29:07.312639,,,0.2510222498064538
2024-12-20 16:29:07.343638,,,0.27080813176960755
2024-12-20 16:29:07.375849,,,0.2957890764128595
2024-12-20 16:29:07.409510,,,0.3042949371550866
2024-12-20 16:29:07.440549,,,0.29693872897412615
2024-12-20 16:29:07.472510,,,0.2962968592371075
2024-12-20 16:29:07.504182,,,0.2817197700323944
2024-12-20 16:29:07.534179,,,0.26702749564504
2024-12-20 16:29:07.567282,,,0.2844468491493194
2024-12-20 16:29:07.599754,,,0.3057485936677914
2024-12-20 16:29:07.632842,,,0.29651742278276144
2024-12-20 16:29:07.663739,,,0.31189143077590264
2024-12-20 16:29:07.695260,,,0.3012396705373901
2024-12-20 16:29:07.730462,,,0.28715619872783205
2024-12-20 16:29:07.765319,,,0.2953200477256286
2024-12-20 16:29:07.800086,,,0.3112934182365106
2024-12-20 16:29:07.833807,,,0.3045487058058225
2024-12-20 16:29:07.867691,,,0.3027507702666272
2024-12-20 16:29:07.899429,,,0.289614431667219
2024-12-20 16:29:07.932821,,,0.3042949371550866
2024-12-20 16:29:07.965196,,,0.3072022501804963
2024-12-20 16:29:07.998727,,,0.30048179727772023
2024-12-20 16:29:08.031758,,,0.289614431667219
2024-12-20 16:29:08.063758,,,0.27691478270208003
2024-12-20 16:29:08.097859,2024-12-20 16:29:08.263261,0.165402,0.25335270359176765
2024-12-20 16:29:08.263261,,,0.25335270359176765
2024-12-20 16:29:08.295791,2024-12-20 16:29:08.329009,0.033218,0.27998336166252225
2024-12-20 16:29:08.329009,,,0.27998336166252225
2024-12-20 16:29:08.362024,,,0.3030550548786759
2024-12-20 16:29:08.395031,,,0.27918337292022005
2024-12-20 16:29:08.427589,,,0.2807022876983124
2024-12-20 16:29:08.460339,,,0.2966011438491562
2024-12-20 16:29:08.494419,,,0.3128286506224648
2024-12-20 16:29:08.525979,,,0.2883745493908083
2024-12-20 16:29:08.565200,,,0.29693872897412615
2024-12-20 16:29:08.597842,,,0.29361010975735174
2024-12-20 16:29:08.629657,,,0.28262206718383515
2024-12-20 16:29:08.662661,,,0.2973243087988137
2024-12-20 16:29:08.695775,,,0.26620432042321124
2024-12-20 16:29:08.728230,,,0.2978410261255669
2024-12-20 16:29:08.761818,,,0.2996955036489307
2024-12-20 16:29:08.795798,,,0.268124099908734
2024-12-20 16:29:08.826415,,,0.2957890764128595
2024-12-20 16:29:08.868910,,,0.2817197700323944
2024-12-20 16:29:08.902413,,,0.27401986012842383
2024-12-20 16:29:08.933413,,,0.29814832374904343
2024-12-20 16:29:08.967412,,,0.2966011438491562
2024-12-20 16:29:09.002205,,,0.3137398822764107
2024-12-20 16:29:09.037092,,,0.2841662340722945
2024-12-20 16:29:09.069092,,,0.2883745493908083
2024-12-20 16:29:09.101832,,,0.2715616271890369
2024-12-20 16:29:09.132839,,,0.2715616271890369
2024-12-20 16:29:09.175839,,,0.2562029758236829
2024-12-20 16:29:09.212356,,,0.29348286390162964
2024-12-20 16:29:09.246375,,,0.2966011438491562
2024-12-20 16:29:09.280371,,,0.313435597664362
2024-12-20 16:29:09.313693,,,0.31310258118811074
2024-12-20 16:29:09.348189,,,0.2962968592371075
2024-12-20 16:29:09.383206,,,0.2883745493908083
2024-12-20 16:29:09.418761,,,0.29759194363678654
2024-12-20 16:29:09.454221,,,0.30635786193168624
2024-12-20 16:29:09.489228,,,0.26702749564504
2024-12-20 16:29:09.523732,,,0.27338916489670406
2024-12-20 16:29:09.559765,,,0.28807026477875963
2024-12-20 16:29:09.593735,,,0.2950637662700566
2024-12-20 16:29:09.629267,,,0.3149797645528214
2024-12-20 16:29:09.663760,,,0.30092935990248565
2024-12-20 16:29:09.698766,,,0.2984942407882273
2024-12-20 16:29:09.735307,,,0.3270807486192142
2024-12-20 16:29:09.769308,,,0.25779518775209687
2024-12-20 16:29:09.803922,2024-12-20 16:29:10.013068,0.209146,0.2642956487232206
2024-12-20 16:29:10.013068,,,0.2642956487232206
2024-12-20 16:29:10.050058,,,0.2580690439029407
2024-12-20 16:29:10.085055,,,0.29548479180081083
2024-12-20 16:29:10.122883,,,0.2966011438491562
2024-12-20 16:29:10.159234,,,0.2606563377905355
2024-12-20 16:29:10.192350,,,0.2822464545867718
2024-12-20 16:29:10.225856,2024-12-20 16:29:10.261893,0.036037,0.27344075741275625
2024-12-20 16:29:10.261893,,,0.27344075741275625
2024-12-20 16:29:10.296841,,,0.2957890764128595
2024-12-20 16:29:10.331047,,,0.2643858784383647
2024-12-20 16:29:10.366440,,,0.29548479180081083
2024-12-20 16:29:10.400473,,,0.28152461686561914
2024-12-20 16:29:10.436993,,,0.2957890764128595
2024-12-20 16:29:10.475994,,,0.2876964035133218
2024-12-20 16:29:10.512430,,,0.3001083579636838
2024-12-20 16:29:10.547429,,,0.2782514583919977
2024-12-20 16:29:10.584430,,,0.314363883008419
2024-12-20 16:29:10.620966,,,0.2988585084596489
2024-12-20 16:29:10.655968,,,0.2962968592371075
2024-12-20 16:29:10.690971,,,0.2814343871504751
2024-12-20 16:29:10.726218,,,0.29769774811285016
2024-12-20 16:29:10.762215,,,0.28807026477875963
2024-12-20 16:29:10.798220,,,0.3246342845793141
2024-12-20 16:29:10.833469,,,0.28004943525196424
2024-12-20 16:29:10.868489,,,0.292954142663298
2024-12-20 16:29:10.904053,,,0.3125333005129213
2024-12-20 16:29:10.938037,,,0.2507110863850923
2024-12-20 16:29:10.976332,,,0.27462431356190664
2024-12-20 16:29:11.011892,,,0.268124099908734
2024-12-20 16:29:11.048046,,,0.29912717602274075
2024-12-20 16:29:11.084043,2024-12-20 16:29:11.250675,0.166632,0.27554210881348506
2024-12-20 16:29:11.250675,,,0.27554210881348506
2024-12-20 16:29:11.282777,,,0.2689472751305627
2024-12-20 16:29:11.316741,,,0.28208760181313547
2024-12-20 16:29:11.350748,,,0.29548479180081083
2024-12-20 16:29:11.382828,,,0.28571040096075384
2024-12-20 16:29:11.415562,,,0.2907907633130964
2024-12-20 16:29:11.448456,,,0.2798902202620157
2024-12-20 16:29:11.480456,,,0.31284059813639786
2024-12-20 16:29:11.513178,,,0.3109891336244619
2024-12-20 16:29:11.545281,,,0.313435597664362
2024-12-20 16:29:11.577179,,,0.3125333005129213
2024-12-20 16:29:11.610438,,,0.3128286506224648
2024-12-20 16:29:11.643652,,,0.313435597664362
2024-12-20 16:29:11.676102,,,0.28334305885046573
2024-12-20 16:29:11.710023,,,0.2973934635008015
2024-12-20 16:29:11.741928,,,0.2685716625334994
2024-12-20 16:29:11.774930,,,0.31652393144128077
2024-12-20 16:29:11.808597,,,0.2973934635008015
2024-12-20 16:29:11.839493,,,0.2651077161595173
2024-12-20 16:29:11.872597,,,0.3125333005129213
2024-12-20 16:29:11.904106,,,0.2642956487232206
2024-12-20 16:29:11.936110,,,0.3109891336244619
2024-12-20 16:29:11.968111,,,0.29012865538555765
2024-12-20 16:29:12.001140,,,0.2953945620856668
2024-12-20 16:29:12.034648,,,0.2953945620856668
2024-12-20 16:29:12.066650,,,0.27004387939425667
2024-12-20 16:29:12.097653,,,0.2807022876983124
2024-12-20 16:29:12.129163,,,0.2953945620856668
2024-12-20 16:29:12.162179,,,0.3109891336244619
2024-12-20 16:29:12.197183,,,0.26702749564504
2024-12-20 16:29:12.229719,,,0.27979999054687166
2024-12-20 16:29:12.262808,,,0.2910540986197959
2024-12-20 16:29:12.295622,,,0.27251486394017416
2024-12-20 16:29:12.328022,2024-12-20 16:29:12.360117,0.032095,0.28387870987100855
2024-12-20 16:29:12.360117,,,0.28387870987100855
2024-12-20 16:29:12.392304,,,0.301304972499549
2024-12-20 16:29:12.423829,,,0.2962968592371075
2024-12-20 16:29:12.457880,,,0.2814343871504751
2024-12-20 16:29:12.490704,,,0.2978410261255669
2024-12-20 16:29:12.524236,,,0.3246342845793141
2024-12-20 16:29:12.557132,,,0.3238899117140705
2024-12-20 16:29:12.591349,,,0.2798902202620157
2024-12-20 16:29:12.622754,,,0.3140685328988755
2024-12-20 16:29:12.654768,,,0.30199727484719785
2024-12-20 16:29:12.687755,,,0.27334171425093745
2024-12-20 16:29:12.719191,,,0.2972101228010443
2024-12-20 16:29:12.751206,,,0.313435597664362
2024-12-20 16:29:12.785206,,,0.30344347028491003
2024-12-20 16:29:12.818943,,,0.31407746740138065
2024-12-20 16:29:12.849840,,,0.32224324169738616
2024-12-20 16:29:12.883839,,,0.3027507702666272
2024-12-20 16:29:12.916374,,,0.3311170416109859
2024-12-20 16:29:12.947889,,,0.3109891336244619
2024-12-20 16:29:12.979650,,,0.31008683647302115
2024-12-20 16:29:13.012164,,,0.3125333005129213
2024-12-20 16:29:13.044170,,,0.2953945620856668
2024-12-20 16:29:13.076168,,,0.3185663099104473
2024-12-20 16:29:13.109718,,,0.29548479180081083
2024-12-20 16:29:13.141717,,,0.2973934635008015
2024-12-20 16:29:13.175723,,,0.3181465976815818
2024-12-20 16:29:13.207227,,,0.2904804526781919
2024-12-20 16:29:13.240242,,,0.2953945620856668
2024-12-20 16:29:13.272228,,,0.31008683647302115
2024-12-20 16:29:13.304735,,,0.3109891336244619
2024-12-20 16:29:13.336755,,,0.32803764233657234
2024-12-20 16:29:13.369756,,,0.2962968592371075
2024-12-20 16:29:13.402875,,,0.28525390383348326
2024-12-20 16:29:13.434489,,,0.3048373620138455
2024-12-20 16:29:13.468891,,,0.3109891336244619
2024-12-20 16:29:13.502803,,,0.2993851930140263
2024-12-20 16:29:13.535332,,,0.28179889196200636
2024-12-20 16:29:13.567317,,,0.29851045012966937
2024-12-20 16:29:13.600424,,,0.329311886394001
2024-12-20 16:29:13.633712,,,0.31652393144128077
2024-12-20 16:29:13.665712,,,0.3125243660104161
2024-12-20 16:29:13.696938,,,0.32649347544811297
2024-12-20 16:29:13.729827,,,0.2960127477439114
2024-12-20 16:29:13.760242,,,0.3109891336244619
2024-12-20 16:29:13.797334,,,0.3109891336244619
2024-12-20 16:29:13.828841,,,0.3261695169652683
2024-12-20 16:29:13.863843,,,0.2953945620856668
2024-12-20 16:29:13.894981,,,0.31162206885897537
2024-12-20 16:29:13.927559,,,0.29976080561108964
2024-12-20 16:29:13.960560,,,0.29057949584001075
2024-12-20 16:29:13.992548,,,0.3246342845793141
2024-12-20 16:29:14.023414,,,0.32803764233657234
2024-12-20 16:29:14.055329,,,0.28180999974753845
2024-12-20 16:29:14.086314,,,0.30039374084560305
2024-12-20 16:29:14.132642,,,0.2814343871504751
2024-12-20 16:29:14.168360,,,0.3109891336244619
2024-12-20 16:29:14.203419,,,0.2642956487232206
2024-12-20 16:29:14.239682,,,0.25069997859956017
2024-12-20 16:29:14.275136,2024-12-20 16:29:14.380649,0.105513,0.26646260181313547
2024-12-20 16:29:14.380649,,,0.26646260181313547
2024-12-20 16:29:14.415203,,,0.27257709746040737
2024-12-20 16:29:14.450309,,,0.2858166383529415
2024-12-20 16:29:14.486328,,,0.2811587714174074
2024-12-20 16:29:14.522027,,,0.28180999974753845
2024-12-20 16:29:14.554027,,,0.27526149373646014
2024-12-20 16:29:14.589026,,,0.2904804526781919
2024-12-20 16:29:14.623592,,,0.3091299427556631
2024-12-20 16:29:14.655597,,,0.2898666496823848
2024-12-20 16:29:14.690608,,,0.31407746740138065
2024-12-20 16:29:14.724248,,,0.2909551084370742
2024-12-20 16:29:14.759389,,,0.29846502685757514
2024-12-20 16:29:14.794394,,,0.2988585084596489
2024-12-20 16:29:14.829907,,,0.2953945620856668
2024-12-20 16:29:14.864907,,,0.27526149373646014
2024-12-20 16:29:14.900911,,,0.2852628383359884
2024-12-20 16:29:14.935616,,,0.28098682452570967
2024-12-20 16:29:14.969632,,,0.27080813176960755
2024-12-20 16:29:15.004618,,,0.29692979447162093
2024-12-20 16:29:15.039181,,,0.27247569323996446
2024-12-20 16:29:15.072129,,,0.2727279112551303
2024-12-20 16:29:15.106921,,,0.2833341243479605
2024-12-20 16:29:15.139426,,,0.27080813176960755
2024-12-20 16:29:15.171526,,,0.33938198012464066
2024-12-20 16:29:15.203419,,,0.3125333005129213
2024-12-20 16:29:15.235931,,,0.2814343871504751
2024-12-20 16:29:15.266926,,,0.3050856086241166
2024-12-20 16:29:15.299260,,,0.27166362580366776
2024-12-20 16:29:15.331883,,,0.28807026477875963
2024-12-20 16:29:15.365293,,,0.28807026477875963
2024-12-20 16:29:15.398242,,,0.2768332068288307
2024-12-20 16:29:15.430749,,,0.2653815723103611
2024-12-20 16:29:15.462749,,,0.2864027033084027
2024-12-20 16:29:15.497319,,,0.2978410261255669
2024-12-20 16:29:15.533831,,,0.2881094354789693
2024-12-20 16:29:15.568854,,,0.26965933229468814
2024-12-20 16:29:15.600027,,,0.2978410261255669
2024-12-20 16:29:15.633432,,,0.27998044997715976
2024-12-20 16:29:15.664529,,,0.2717975473624781
2024-12-20 16:29:15.697513,2024-12-20 16:29:15.730100,0.032587,0.28262206718383515
2024-12-20 16:29:15.730100,,,0.28262206718383515
2024-12-20 16:29:15.765011,,,0.2651077161595173
2024-12-20 16:29:15.799118,,,0.28739211890127314
2024-12-20 16:29:15.833034,,,0.2807022876983124
2024-12-20 16:29:15.864038,,,0.28807026477875963
2024-12-20 16:29:15.899986,,,0.29548479180081083
2024-12-20 16:29:15.935516,,,0.2844468491493194
2024-12-20 16:29:15.969517,,,0.26605635159408403
2024-12-20 16:29:16.005520,,,0.2864027033084027
2024-12-20 16:29:16.040077,,,0.30039374084560305
2024-12-20 16:29:16.075075,,,0.29693872897412615
2024-12-20 16:29:16.110531,,,0.2657027552943214
2024-12-20 16:29:16.144712,,,0.2709854799261814
2024-12-20 16:29:16.179710,,,0.2668318622293024
2024-12-20 16:29:16.216255,,,0.28262206718383515
2024-12-20 16:29:16.251231,2024-12-20 16:29:16.460254,0.209023,0.2642956487232206
2024-12-20 16:29:16.460254,,,0.2642956487232206
2024-12-20 16:29:16.529476,,,0.2562029758236829
2024-12-20 16:29:16.564476,,,0.2653815723103611
2024-12-20 16:29:16.599483,,,0.2825220569116638
2024-12-20 16:29:16.635006,,,0.2798902202620157
2024-12-20 16:29:16.668990,,,0.28985910992500785
2024-12-20 16:29:16.704009,,,0.2682032218383459
2024-12-20 16:29:16.739554,,,0.2830687837540785
2024-12-20 16:29:16.775555,,,0.279078152825719
2024-12-20 16:29:16.809748,,,0.2798902202620157
2024-12-20 16:29:16.848731,,,0.2822464545867718
2024-12-20 16:29:16.882746,,,0.2525049530411974
2024-12-20 16:29:16.917492,,,0.3246342845793141
2024-12-20 16:29:16.950479,,,0.29702002418676504
2024-12-20 16:29:16.983481,,,0.29611772703532424
2024-12-20 16:29:17.015001,,,0.2833541666359978
2024-12-20 16:29:17.047888,,,0.2651077161595173
2024-12-20 16:29:17.080987,,,0.2953945620856668
2024-12-20 16:29:17.115559,,,0.27278696295534854
2024-12-20 16:29:17.148558,,,0.27979999054687166
2024-12-20 16:29:17.180559,,,0.2798902202620157
2024-12-20 16:29:17.214221,,,0.2970289586892702
2024-12-20 16:29:17.246206,,,0.30675840801650117
2024-12-20 16:29:17.280547,,,0.29126922643346537
2024-12-20 16:29:17.314422,,,0.28262206718383515
2024-12-20 16:29:17.349412,,,0.2643858784383647
2024-12-20 16:29:17.384502,,,0.2833541666359978
2024-12-20 16:29:17.420114,,,0.2775644458932753
2024-12-20 16:29:17.453116,,,0.29692979447162093
2024-12-20 16:29:17.516743,,,0.28180999974753845
2024-12-20 16:29:17.549745,,,0.27241122150454483
2024-12-20 16:29:17.582842,,,0.2673013517958838
2024-12-20 16:29:17.614982,,,0.2822464545867718
2024-12-20 16:29:17.648278,,,0.2620618105118644
2024-12-20 16:29:17.680812,,,0.28179889196200636
2024-12-20 16:29:17.713078,,,0.28179889196200636
2024-12-20 16:29:17.746083,,,0.29692979447162093
2024-12-20 16:29:17.776978,,,0.30344347028491003
2024-12-20 16:29:17.809993,,,0.30199727484719785
2024-12-20 16:29:17.843378,,,0.2783684392147848
2024-12-20 16:29:17.876254,,,0.30192897323155726
2024-12-20 16:29:17.907379,,,0.26821432962387803
2024-12-20 16:29:17.939908,,,0.29893763038926086
2024-12-20 16:29:17.973002,,,0.2864027033084027
2024-12-20 16:29:18.004898,,,0.29611772703532424
2024-12-20 16:29:18.037531,,,0.2988585084596489
2024-12-20 16:29:18.071987,,,0.2643858784383647
2024-12-20 16:29:18.108515,,,0.2928044588194196
2024-12-20 16:29:18.143025,,,0.26093695286756036
2024-12-20 16:29:18.178136,,,0.25719239141655337
2024-12-20 16:29:18.213265,,,0.2833341243479605
2024-12-20 16:29:18.249289,,,0.2926953484028899
2024-12-20 16:29:18.284263,,,0.2665684062891991
2024-12-20 16:29:18.320315,,,0.26178388019246546
2024-12-20 16:29:18.354899,,,0.2852628383359884
2024-12-20 16:29:18.389919,,,0.2984739613600803
2024-12-20 16:29:18.424359,,,0.2833541666359978
2024-12-20 16:29:18.458099,,,0.28497745545406916
2024-12-20 16:29:18.526411,,,0.28179889196200636
2024-12-20 16:29:18.562320,,,0.2768332068288307
2024-12-20 16:29:18.596587,,,0.2864027033084027
2024-12-20 16:29:18.671066,,,0.2837186714475291
2024-12-20 16:29:18.706072,,,0.27004387939425667
2024-12-20 16:29:18.741935,,,0.2749245351288401
2024-12-20 16:29:18.810864,,,0.30782625091250454
2024-12-20 16:29:18.847863,,,0.2871679676273189
2024-12-20 16:29:18.883231,,,0.29135826338170734
2024-12-20 16:29:18.919806,,,0.2825220569116639
2024-12-20 16:29:18.952805,,,0.2833541666359978
2024-12-20 16:29:18.985920,,,0.30782625091250454
2024-12-20 16:29:19.017419,,,0.2833541666359978
2024-12-20 16:29:19.080404,,,0.2663056579238874
2024-12-20 16:29:19.115940,2024-12-20 16:29:19.246413,0.130473,0.2643858784383647
2024-12-20 16:29:19.246413,,,0.2643858784383647
2024-12-20 16:29:19.280412,,,0.25779518775209687
2024-12-20 16:29:19.313188,,,0.25222670628337773
2024-12-20 16:29:19.345229,,,0.28634413129153535
2024-12-20 16:29:19.377329,,,0.26967044008022023
2024-12-20 16:29:19.410252,,,0.2613288650051796
2024-12-20 16:29:19.446802,,,0.2934993417243995
2024-12-20 16:29:19.482317,,,0.2783684392147848
2024-12-20 16:29:19.514137,,,0.28479023480430277
2024-12-20 16:29:19.548035,,,0.3125243660104161
2024-12-20 16:29:19.579036,,,0.27080813176960755
2024-12-20 16:29:19.610590,,,0.2864027033084027
2024-12-20 16:29:19.642597,,,0.27080813176960755
2024-12-20 16:29:19.675597,,,0.285590635872106
2024-12-20 16:29:19.707601,,,0.2817664370254702
2024-12-20 16:29:19.740322,,,0.2864027033084027
2024-12-20 16:29:19.773228,,,0.285590635872106
2024-12-20 16:29:19.807633,,,0.2945824946493701
2024-12-20 16:29:19.840223,,,0.28325500241834856
2024-12-20 16:29:19.872332,,,0.2898666496823848
2024-12-20 16:29:19.906255,,,0.2825220569116639
2024-12-20 16:29:19.938979,,,0.2889752204397863
2024-12-20 16:29:19.969960,,,0.2851747819038713
2024-12-20 16:29:20.002023,,,0.28749930757209663
2024-12-20 16:29:20.033549,,,0.29611772703532424
2024-12-20 16:29:20.065530,,,0.28479023480430277
2024-12-20 16:29:20.099552,,,0.2898666496823848
2024-12-20 16:29:20.131161,,,0.30039374084560305
2024-12-20 16:29:20.164163,,,0.2988585084596489
2024-12-20 16:29:20.196161,,,0.2973143415711895
2024-12-20 16:29:20.229683,,,0.28832248279392547
2024-12-20 16:29:20.263673,,,0.30474372652663195
2024-12-20 16:29:20.296689,,,0.28749930757209663
2024-12-20 16:29:20.328983,,,0.28925144431694505
2024-12-20 16:29:20.360997,,,0.25069997859956017
2024-12-20 16:29:20.393883,,,0.2629729735980001
2024-12-20 16:29:20.427549,2024-12-20 16:29:20.525174,0.097625,0.25069997859956017
2024-12-20 16:29:20.525174,,,0.25069997859956017
2024-12-20 16:29:20.558116,,,0.2662945501383553
2024-12-20 16:29:20.592265,,,0.25719239141655337
2024-12-20 16:29:20.625575,,,0.26775066059469754
2024-12-20 16:29:20.658663,,,0.25779518775209687
2024-12-20 16:29:20.693630,,,0.27526149373646014
2024-12-20 16:29:20.726217,,,0.25719239141655337
2024-12-20 16:29:20.759231,2024-12-20 16:29:20.793215,0.033984,0.2717975473624781
2024-12-20 16:29:20.793215,,,0.2717975473624781
2024-12-20 16:29:20.824982,,,0.2727279112551303
2024-12-20 16:29:20.857940,,,0.27334171425093745
2024-12-20 16:29:20.889954,,,0.28479023480430277
2024-12-20 16:29:20.922401,,,0.28832248279392547
2024-12-20 16:29:20.955397,,,0.30039374084560305
2024-12-20 16:29:20.988398,,,0.25719239141655337
2024-12-20 16:29:21.020911,,,0.285590635872106
2024-12-20 16:29:21.052913,,,0.2818891216771504
2024-12-20 16:29:21.085913,,,0.2642956487232206
2024-12-20 16:29:21.120489,,,0.29692979447162093
2024-12-20 16:29:21.153576,,,0.2562029758236829
2024-12-20 16:29:21.187472,2024-12-20 16:29:21.252058,0.064586,0.2634956033621872
2024-12-20 16:29:21.252058,,,0.2634956033621872
2024-12-20 16:29:21.284184,,,0.25779518775209687
2024-12-20 16:29:21.319311,,,0.2709854799261814
2024-12-20 16:29:21.352371,2024-12-20 16:29:21.589617,0.237246,0.2601408885609373
2024-12-20 16:29:21.589617,,,0.2601408885609373
2024-12-20 16:29:21.622894,,,0.25094212642174557
2024-12-20 16:29:21.654897,,,0.2661792590132356
2024-12-20 16:29:21.688912,,,0.25260865029955076
2024-12-20 16:29:21.721423,,,0.2642886793964427
2024-12-20 16:29:21.753426,,,0.2537954842783888
2024-12-20 16:29:21.786837,,,0.2689263867880034
2024-12-20 16:29:21.828405,,,0.27083505848799405
2024-12-20 16:29:21.863675,,,0.25260865029955076
2024-12-20 16:29:21.900161,,,0.2673911544020492
2024-12-20 16:29:21.935875,,,0.2810684997254792
2024-12-20 16:29:21.970049,,,0.26102864343824617
2024-12-20 16:29:22.008040,,,0.25453953757060566
2024-12-20 16:29:22.044088,,,0.26102864343824617
2024-12-20 16:29:22.080090,,,0.29846502685757514
2024-12-20 16:29:22.116628,,,0.2601408885609373
2024-12-20 16:29:22.151603,,,0.2601408885609373
2024-12-20 16:29:22.186607,,,0.2537954842783888
2024-12-20 16:29:22.221182,,,0.28287045531878
2024-12-20 16:29:22.255663,,,0.26548248270205865
2024-12-20 16:29:22.290662,,,0.2518868125783982
2024-12-20 16:29:22.325191,,,0.25823221686094666
2024-12-20 16:29:22.358192,,,0.2507110863850923
2024-12-20 16:29:22.391190,,,0.2670177150880128
2024-12-20 16:29:22.423765,,,0.2507110863850923
2024-12-20 16:29:22.459766,,,0.263573811002068
2024-12-20 16:29:22.495766,,,0.263573811002068
2024-12-20 16:29:22.530324,2024-12-20 16:29:22.603335,0.073011,0.2601408885609373
2024-12-20 16:29:22.603335,,,0.2601408885609373
2024-12-20 16:29:22.639477,,,0.263573811002068
2024-12-20 16:29:22.676479,,,0.25810712638021704
2024-12-20 16:29:22.711487,,,0.2632101672159464
2024-12-20 16:29:22.745753,,,0.2582889956802473
2024-12-20 16:29:22.780754,,,0.25982422806620153
2024-12-20 16:29:22.816837,,,0.2526197580850829
2024-12-20 16:29:22.857835,,,0.2526016809727729
2024-12-20 16:29:22.895280,,,0.2518868125783982
2024-12-20 16:29:22.932833,2024-12-20 16:29:22.974831,0.041998,0.26619735109643333
2024-12-20 16:29:22.974831,,,0.26619735109643333
2024-12-20 16:29:23.013890,,,0.251425954779467
2024-12-20 16:29:23.048429,,,0.2526197580850829
2024-12-20 16:29:23.085418,,,0.26548248270205865
2024-12-20 16:29:23.120965,,,0.2518868125783982
2024-12-20 16:29:23.155981,,,0.2526197580850829
2024-12-20 16:29:23.191965,,,0.26162220492616806
2024-12-20 16:29:23.228587,,,0.2526197580850829
2024-12-20 16:29:23.266478,,,0.25644820927059625
2024-12-20 16:29:23.301589,,,0.2526197580850829
2024-12-20 16:29:23.335782,2024-12-20 16:29:23.368679,0.032897,0.26775066059469754
2024-12-20 16:29:23.368679,,,0.26775066059469754
2024-12-20 16:29:23.405677,,,0.2586994130071471
2024-12-20 16:29:23.447185,,,0.25069300927278226
2024-12-20 16:29:23.483184,,,0.2507110863850923
2024-12-20 16:29:23.518780,,,0.25453953757060566
2024-12-20 16:29:23.560782,,,0.2526197580850829
2024-12-20 16:29:23.602788,,,0.27561117996769047
2024-12-20 16:29:23.638340,,,0.26102864343824617
2024-12-20 16:29:23.671494,,,0.26102864343824617
2024-12-20 16:29:23.702653,,,0.28479023480430277
2024-12-20 16:29:23.735055,,,0.2629373151382368
2024-12-20 16:29:23.767054,,,0.2946979702787949
2024-12-20 16:29:23.804080,,,0.2526197580850829
2024-12-20 16:29:23.836625,,,0.28334305885046573
2024-12-20 16:29:23.867758,,,0.25644820927059625
2024-12-20 16:29:23.899620,,,0.25644820927059625
2024-12-20 16:29:23.932132,,,0.28334305885046573
2024-12-20 16:29:23.965132,,,0.30982887278840954
2024-12-20 16:29:23.998146,,,0.268135207694266
2024-12-20 16:29:24.031670,,,0.2545284297850735
2024-12-20 16:29:24.063188,,,0.25644820927059625
2024-12-20 16:29:24.096872,,,0.28479023480430277
2024-12-20 16:29:24.131056,,,0.2852628383359884
2024-12-20 16:29:24.164056,,,0.29846502685757514
2024-12-20 16:29:24.197042,,,0.26775066059469754
2024-12-20 16:29:24.228924,,,0.2757497243691991
2024-12-20 16:29:24.260813,,,0.30675840801650117
2024-12-20 16:29:24.292813,,,0.26621542820874333
2024-12-20 16:29:24.326356,,,0.2591199717382556
2024-12-20 16:29:24.359357,,,0.2507110863850923
2024-12-20 16:29:24.391356,,,0.2717975473624781
2024-12-20 16:29:24.424867,,,0.2526197580850829
2024-12-20 16:29:24.458883,,,0.25873655830501274
2024-12-20 16:29:24.491074,2024-12-20 16:29:24.523629,0.032555,0.2798902202620157
2024-12-20 16:29:24.523629,,,0.2798902202620157
2024-12-20 16:29:24.556628,,,0.2643858784383647
2024-12-20 16:29:24.587816,2024-12-20 16:29:24.628107,0.040291,0.25719239141655337
2024-12-20 16:29:24.628107,,,0.25719239141655337
2024-12-20 16:29:24.661731,,,0.26783871702681467
2024-12-20 16:29:24.698134,,,0.26821432962387803
2024-12-20 16:29:24.729699,,,0.25335270359176765
2024-12-20 16:29:24.762982,,,0.2611466074530237
2024-12-20 16:29:24.795886,2024-12-20 16:29:24.828937,0.033051,0.25873655830501274
2024-12-20 16:29:24.828937,,,0.25873655830501274
2024-12-20 16:29:24.860933,,,0.2526197580850829
2024-12-20 16:29:24.893829,2024-12-20 16:29:24.934714,0.040885,0.2507110863850923
2024-12-20 16:29:24.934714,,,0.2507110863850923
2024-12-20 16:29:24.969730,,,0.268123258196595
2024-12-20 16:29:25.003745,,,0.26783871702681467
2024-12-20 16:29:25.036551,,,0.2662945501383553
2024-12-20 16:29:25.068554,,,0.26783871702681467
2024-12-20 16:29:25.101556,,,0.2760927930093538
2024-12-20 16:29:25.134070,,,0.2697584965123374
2024-12-20 16:29:25.167174,,,0.25911217090207617
2024-12-20 16:29:25.200068,,,0.2597143728434317
2024-12-20 16:29:25.234635,,,0.2643858784383647
2024-12-20 16:29:25.269642,,,0.26665188304797666
2024-12-20 16:29:25.303643,,,0.26593004532682407
2024-12-20 16:29:25.335532,,,0.27371732684800076
2024-12-20 16:29:25.368530,,,0.28180999974753845
2024-12-20 16:29:25.401633,,,0.2591199717382556
2024-12-20 16:29:25.434460,,,0.2507110863850923
2024-12-20 16:29:25.467360,,,0.25707275563675636
2024-12-20 16:29:25.498417,,,0.2558970444143381
2024-12-20 16:29:25.544045,,,0.2507110863850923
2024-12-20 16:29:25.575938,2024-12-20 16:29:25.609984,0.034046,0.2526197580850829
2024-12-20 16:29:25.609984,,,0.2526197580850829
2024-12-20 16:29:25.643476,,,0.26783871702681467
2024-12-20 16:29:25.675492,,,0.268124099908734
2024-12-20 16:29:25.708482,,,0.2599207321691722
2024-12-20 16:29:25.741003,,,0.27705947059642666
2024-12-20 16:29:25.776988,,,0.2526197580850829
2024-12-20 16:29:25.811507,2024-12-20 16:29:26.052934,0.241427,0.2526197580850829
2024-12-20 16:29:26.052934,,,0.2526197580850829
2024-12-20 16:29:26.086917,,,0.25898142733674695
2024-12-20 16:29:26.122429,,,0.26821432962387803
2024-12-20 16:29:26.157430,,,0.268124099908734
2024-12-20 16:29:26.196428,,,0.2526197580850829
2024-12-20 16:29:26.231947,,,0.252630865870615
2024-12-20 16:29:26.266742,,,0.28334305885046573
2024-12-20 16:29:26.301981,,,0.2663056579238874
2024-12-20 16:29:26.338231,,,0.25984180945940816
2024-12-20 16:29:26.373828,,,0.2643858784383647
2024-12-20 16:29:26.408833,,,0.3155246836259208
2024-12-20 16:29:26.444342,,,0.27725784998437475
2024-12-20 16:29:26.481342,,,0.25984180945940816
2024-12-20 16:29:26.517229,,,0.2956325831313539
2024-12-20 16:29:26.552387,,,0.25453953757060566
2024-12-20 16:29:26.587613,,,0.28571040096075384
2024-12-20 16:29:26.622593,,,0.2876301804462766
2024-12-20 16:29:26.658084,,,0.2545284297850735
2024-12-20 16:29:26.692334,,,0.28977475458292334
2024-12-20 16:29:26.727781,,,0.26739115440204925
2024-12-20 16:29:26.763010,,,0.2932097544327913
2024-12-20 16:29:26.798428,,,0.3010968635072233
2024-12-20 16:29:26.833083,,,0.26739115440204925
2024-12-20 16:29:26.866090,,,0.274154090654924
2024-12-20 16:29:26.900091,,,0.2697584965123374
2024-12-20 16:29:26.933647,,,0.263573811002068
2024-12-20 16:29:26.967647,,,0.26821432962387803
2024-12-20 16:29:26.999755,,,0.26821432962387803
2024-12-20 16:29:27.031991,,,0.26821432962387803
2024-12-20 16:29:27.065306,,,0.2537954842783888
2024-12-20 16:29:27.098516,,,0.2582889956802473
2024-12-20 16:29:27.130790,,,0.26821432962387803
2024-12-20 16:29:27.163791,,,0.25453953757060566
2024-12-20 16:29:27.196791,,,0.2697584965123374
2024-12-20 16:29:27.230318,,,0.2651090433880222
2024-12-20 16:29:27.264302,,,0.2825220569116639
2024-12-20 16:29:27.295302,,,0.26739115440204925
2024-12-20 16:29:27.328887,,,0.2662945501383553
2024-12-20 16:29:27.361873,,,0.25453953757060566
2024-12-20 16:29:27.394877,,,0.25335270359176765
2024-12-20 16:29:27.428415,,,0.29884957395714373
2024-12-20 16:29:27.461447,,,0.2864027033084027
2024-12-20 16:29:27.493432,,,0.2526197580850829
2024-12-20 16:29:27.525941,,,0.26102864343824617
2024-12-20 16:29:27.558958,,,0.2591199717382556
2024-12-20 16:29:27.591943,,,0.26148873023244057
2024-12-20 16:29:27.625050,,,0.2762634398013475
2024-12-20 16:29:27.657302,,,0.27534917828438416
2024-12-20 16:29:27.690362,,,0.2591199717382556
2024-12-20 16:29:27.724927,,,0.2591199717382556
2024-12-20 16:29:27.758928,,,0.27371732684800076
2024-12-20 16:29:27.796941,,,0.2507110863850923
2024-12-20 16:29:27.833516,,,0.2817197700323944
2024-12-20 16:29:27.867516,,,0.2953945620856668
2024-12-20 16:29:27.900516,,,0.26593004532682407
2024-12-20 16:29:27.934058,2024-12-20 16:29:27.966044,0.031986,0.28920685009135083
2024-12-20 16:29:27.966044,,,0.28920685009135083
2024-12-20 16:29:27.998044,,,0.2643858784383647
2024-12-20 16:29:28.032770,,,0.27998044997715976
2024-12-20 16:29:28.065770,,,0.2545284297850735
2024-12-20 16:29:28.100464,,,0.27962976536275963
2024-12-20 16:29:28.133309,,,0.2757497243691991
2024-12-20 16:29:28.165314,,,0.28920685009135083
2024-12-20 16:29:28.198440,,,0.2526197580850829
2024-12-20 16:29:28.231251,,,0.271667168212328
2024-12-20 16:29:28.262250,,,0.2689263867880034
2024-12-20 16:29:28.294353,2024-12-20 16:29:28.325977,0.031624,0.2526197580850829
2024-12-20 16:29:28.325977,,,0.2526197580850829
2024-12-20 16:29:28.361078,,,0.2988585084596489
2024-12-20 16:29:28.393977,,,0.27526149373646014
2024-12-20 16:29:28.427683,,,0.2697584965123374
2024-12-20 16:29:28.460614,,,0.2697584965123374
2024-12-20 16:29:28.493356,,,0.2852628383359884
2024-12-20 16:29:28.526181,,,0.2654824827020586
2024-12-20 16:29:28.559182,2024-12-20 16:29:28.592183,0.033001,0.27004387939425667
2024-12-20 16:29:28.592183,,,0.27004387939425667
2024-12-20 16:29:28.624753,,,0.25911217090207617
2024-12-20 16:29:28.657745,,,0.26739115440204925
2024-12-20 16:29:28.691762,,,0.28334305885046573
2024-12-20 16:29:28.724478,,,0.2662945501383553
2024-12-20 16:29:28.757478,,,0.28794687019686205
2024-12-20 16:29:28.789920,,,0.26593004532682407
2024-12-20 16:29:28.823424,,,0.27979999054687166
2024-12-20 16:29:28.856439,,,0.2651090433880222
2024-12-20 16:29:28.890424,,,0.29012865538555765
2024-12-20 16:29:28.922092,,,0.29012865538555765
2024-12-20 16:29:28.955094,,,0.30675840801650117
2024-12-20 16:29:28.988166,,,0.3062464243009561
2024-12-20 16:29:29.021078,,,0.2921758714870569
2024-12-20 16:29:29.053604,,,0.2851747819038713
2024-12-20 16:29:29.085592,,,0.2766715296634058
2024-12-20 16:29:29.117820,,,0.28287045531878
2024-12-20 16:29:29.151415,,,0.28479023480430277
2024-12-20 16:29:29.185398,,,0.30982887278840954
2024-12-20 16:29:29.218965,,,0.29012865538555765
2024-12-20 16:29:29.254522,,,0.3082936404024553
2024-12-20 16:29:29.286621,,,0.30994031041913966
2024-12-20 16:29:29.320511,,,0.30994031041913966
2024-12-20 16:29:29.356628,,,0.2852628383359884
2024-12-20 16:29:29.391610,,,0.30192897323155726
2024-12-20 16:29:29.424187,,,0.271667168212328
2024-12-20 16:29:29.460214,,,0.2937111038730111
2024-12-20 16:29:29.498204,,,0.3082936404024553
2024-12-20 16:29:29.534716,,,0.2776583960691897
2024-12-20 16:29:29.569702,,,0.30039374084560305
2024-12-20 16:29:29.604506,,,0.2685646932067215
2024-12-20 16:29:29.643059,,,0.29846502685757514
2024-12-20 16:29:29.680798,,,0.2973143415711895
2024-12-20 16:29:29.719835,,,0.29846502685757514
2024-12-20 16:29:29.760348,,,0.2715791117802109
2024-12-20 16:29:29.797351,,,0.3000091937460345
2024-12-20 16:29:29.832864,,,0.29692979447162093
2024-12-20 16:29:29.869864,,,0.2704552728235144
2024-12-20 16:29:29.905864,,,0.2973143415711895
2024-12-20 16:29:29.943382,,,0.27739639438588337
2024-12-20 16:29:29.979384,,,0.29166388777151186
2024-12-20 16:29:30.015390,,,0.29012865538555765
2024-12-20 16:29:30.057898,,,0.2663056579238874
2024-12-20 16:29:30.096898,,,0.30994031041913966
2024-12-20 16:29:30.133454,,,0.279305066085874
2024-12-20 16:29:30.168452,,,0.2952463362589653
2024-12-20 16:29:30.209460,,,0.2867100142898255
2024-12-20 16:29:30.248969,,,0.2937111038730111
2024-12-20 16:29:30.286968,,,0.25453953757060566
2024-12-20 16:29:30.328493,,,0.25334573426498974
2024-12-20 16:29:30.363494,,,0.29012865538555765
2024-12-20 16:29:30.398512,,,0.2757497243691991
2024-12-20 16:29:30.431005,,,0.27615954594786085
2024-12-20 16:29:30.472550,,,0.2654824827020586
2024-12-20 16:29:30.507549,,,0.30982887278840954
2024-12-20 16:29:30.543966,,,0.2617254197494232
2024-12-20 16:29:30.578965,2024-12-20 16:29:30.614955,0.03599,0.29012865538555765
2024-12-20 16:29:30.614955,,,0.29012865538555765
2024-12-20 16:29:30.649464,,,0.29012865538555765
2024-12-20 16:29:30.689838,,,0.27979999054687166
2024-12-20 16:29:30.730350,,,0.29012865538555765
2024-12-20 16:29:30.766352,,,0.3084050780331855
2024-12-20 16:29:30.801353,,,0.27462431356190664
2024-12-20 16:29:30.838464,,,0.2953945620856668
2024-12-20 16:29:30.877461,,,0.30675840801650117
2024-12-20 16:29:30.913467,,,0.2988585084596489
2024-12-20 16:29:30.945946,,,0.2851747819038713
2024-12-20 16:29:30.981960,,,0.2937111038730111
2024-12-20 16:29:31.018077,,,0.2545284297850735
2024-12-20 16:29:31.051529,,,0.2526197580850829
2024-12-20 16:29:31.083544,,,0.30994031041913966
2024-12-20 16:29:31.115558,,,0.2526197580850829
2024-12-20 16:29:31.149039,,,0.29012865538555765
2024-12-20 16:29:31.181054,,,0.2704552728235144
2024-12-20 16:29:31.215085,,,0.3082936404024553
2024-12-20 16:29:31.278947,,,0.2851747819038713
2024-12-20 16:29:31.311774,,,0.2598348401326303
2024-12-20 16:29:31.344462,,,0.252630865870615
2024-12-20 16:29:31.377462,,,0.27083505848799405
2024-12-20 16:29:31.410465,,,0.26102864343824617
2024-12-20 16:29:31.443177,,,0.2757497243691991
2024-12-20 16:29:31.477238,,,0.30471119191500196
2024-12-20 16:29:31.510293,,,0.2598348401326303
2024-12-20 16:29:31.541957,,,0.2921758714870569
2024-12-20 16:29:31.574320,,,0.28363954951791714
2024-12-20 16:29:31.607320,,,0.2817197700323944
2024-12-20 16:29:31.639846,,,0.28679807072194263
2024-12-20 16:29:31.671845,,,0.27820676204936
2024-12-20 16:29:31.737411,,,0.2798902202620157
2024-12-20 16:29:31.769824,,,0.26974738872680526
2024-12-20 16:29:31.803819,,,0.2988585084596489
2024-12-20 16:29:31.836545,,,0.30192897323155726
2024-12-20 16:29:31.869535,,,0.29012865538555765
2024-12-20 16:29:31.903426,,,0.2988585084596489
2024-12-20 16:29:31.935940,,,0.27462431356190664
2024-12-20 16:29:31.972037,,,0.2814343871504751
2024-12-20 16:29:32.003582,,,0.2617254197494232
2024-12-20 16:29:32.037634,,,0.2851747819038713
2024-12-20 16:29:32.069742,,,0.2689263867880034
2024-12-20 16:29:32.134530,,,0.26783871702681467
2024-12-20 16:29:32.166403,,,0.26974738872680526
2024-12-20 16:29:32.201504,,,0.26701771508801275
2024-12-20 16:29:32.297679,,,0.28325500241834856
2024-12-20 16:29:32.331192,,,0.27083505848799405
2024-12-20 16:29:32.364193,,,0.251425954779467
2024-12-20 16:29:32.396209,,,0.2848782912364199
2024-12-20 16:29:32.428744,,,0.26821432962387803
2024-12-20 16:29:32.461759,,,0.2526197580850829
2024-12-20 16:29:32.525316,,,0.251425954779467
2024-12-20 16:29:32.557625,,,0.252630865870615
2024-12-20 16:29:32.620627,2024-12-20 16:29:32.659141,0.038514,0.26548248270205865
2024-12-20 16:29:32.659141,,,0.26548248270205865
2024-12-20 16:29:32.691142,,,0.2521384216072786
2024-12-20 16:29:32.790153,,,0.26784982481234676
2024-12-20 16:29:32.823174,,,0.2651090433880222
2024-12-20 16:29:32.856029,,,0.26962316309918044
2024-12-20 16:29:32.889134,,,0.26102864343824617
2024-12-20 16:29:32.920133,2024-12-20 16:29:32.963717,0.043584,0.27083505848799405
2024-12-20 16:29:32.963717,,,0.27083505848799405
2024-12-20 16:29:32.998712,,,0.2651090433880222
2024-12-20 16:29:33.032352,,,0.26974738872680526
2024-12-20 16:29:33.065427,,,0.2658239117823969
2024-12-20 16:29:33.102338,,,0.26784982481234676
2024-12-20 16:29:33.134841,,,0.2651090433880222
2024-12-20 16:29:33.166858,,,0.26664491372119875
