Blink Start Time,Blink End Time,Blink Duration (seconds),EAR
2024-12-20 17:23:12.964614,,,0.28559125514964856
2024-12-20 17:23:13.070615,,,0.25105731150918154
2024-12-20 17:23:13.109622,2024-12-20 17:23:13.150640,0.041018,0.25830357915422
2024-12-20 17:23:13.150640,,,0.25830357915422
2024-12-20 17:23:13.189212,2024-12-20 17:23:13.264234,0.075022,0.3027507702666272
2024-12-20 17:23:13.264234,,,0.3027507702666272
2024-12-20 17:23:13.296832,,,0.3121957153879513
2024-12-20 17:23:13.329924,,,0.3030045389173631
2024-12-20 17:23:13.378078,,,0.3027507702666272
2024-12-20 17:23:13.966260,,,0.290625
2024-12-20 17:23:14.114819,,,0.3410128707452318
2024-12-20 17:23:14.357511,,,0.38705703157132176
2024-12-20 17:23:14.394016,,,0.36104259193786525
2024-12-20 17:23:14.429018,,,0.34889956434789454
2024-12-20 17:23:14.464023,,,0.36132173745367474
2024-12-20 17:23:14.501534,,,0.34862041883208505
2024-12-20 17:23:14.537534,,,0.34889956434789454
2024-12-20 17:23:14.573133,,,0.36459157051941987
2024-12-20 17:23:14.608151,,,0.34889956434789454
2024-12-20 17:23:14.710650,,,0.36132173745367474
2024-12-20 17:23:14.978857,2024-12-20 17:23:15.155372,0.176515,0.265625
2024-12-20 17:23:15.155372,,,0.265625
2024-12-20 17:23:15.189887,,,0.2933169918932131
2024-12-20 17:23:15.476513,,,0.30729166666666663
2024-12-20 17:23:15.508663,,,0.2833333333333333
2024-12-20 17:23:15.540649,,,0.290625
2024-12-20 17:23:15.576166,,,0.275
2024-12-20 17:23:15.672185,,,0.27338916489670406
2024-12-20 17:23:15.704722,,,0.33817252630943484
2024-12-20 17:23:15.769038,,,0.30729166666666663
2024-12-20 17:23:15.802287,,,0.3017533068201307
2024-12-20 17:23:15.843545,,,0.3089419918932131
2024-12-20 17:23:15.907164,,,0.2753089443822268
2024-12-20 17:23:15.938283,,,0.3070178105158229
2024-12-20 17:23:16.001290,,,0.27560425666801225
2024-12-20 17:23:16.034392,,,0.28928802104754786
2024-12-20 17:23:16.066403,,,0.27597063119048626
2024-12-20 17:23:16.099911,,,0.30692252630943484
2024-12-20 17:23:16.174682,,,0.2929441963261192
2024-12-20 17:23:16.211634,,,0.2653815723103611
2024-12-20 17:23:16.305303,,,0.2524954567183958
2024-12-20 17:23:16.370418,,,0.25984180945940816
2024-12-20 17:23:16.433020,,,0.25779459335790894
2024-12-20 17:23:16.481241,2024-12-20 17:23:16.513273,0.032032,0.2525846300487415
2024-12-20 17:23:16.513273,,,0.2525846300487415
2024-12-20 17:23:16.546243,,,0.265625
2024-12-20 17:23:16.577278,,,0.29227092333467897
2024-12-20 17:23:16.608265,,,0.27366302104754786
2024-12-20 17:23:16.643263,,,0.27338916489670406
2024-12-20 17:23:16.673545,,,0.28252332374904343
2024-12-20 17:23:16.706683,,,0.27366302104754786
2024-12-20 17:23:16.737234,,,0.313435597664362
2024-12-20 17:23:16.788293,,,0.29052790332395856
2024-12-20 17:23:16.821293,,,0.3254340786025299
2024-12-20 17:23:16.857307,,,0.2825537522102483
2024-12-20 17:23:16.954200,,,0.28289592333467894
2024-12-20 17:23:16.987813,,,0.2902927736784914
2024-12-20 17:23:17.052060,2024-12-20 17:23:17.190598,0.138538,0.27522864407094894
2024-12-20 17:23:17.190598,,,0.27522864407094894
2024-12-20 17:23:17.346849,,,0.2516763517958838
2024-12-20 17:23:17.391611,,,0.2653815723103611
2024-12-20 17:23:17.423612,,,0.26230861916057036
2024-12-20 17:23:17.458612,,,0.2915630844161069
2024-12-20 17:23:17.489120,,,0.26730509771063704
2024-12-20 17:23:17.521121,,,0.27366302104754786
2024-12-20 17:23:17.554122,,,0.2600096851292172
2024-12-20 17:23:17.586785,,,0.2653815723103611
2024-12-20 17:23:17.619508,,,0.2882986565644219
2024-12-20 17:23:17.650609,,,0.29052790332395856
2024-12-20 17:23:17.697141,,,0.29035114384915617
2024-12-20 17:23:17.729137,,,0.2809761438491562
2024-12-20 17:23:17.761147,,,0.2580899056436944
2024-12-20 17:23:17.793650,,,0.2800968445769596
2024-12-20 17:23:17.825652,,,0.30664867015859104
2024-12-20 17:23:17.856925,,,0.3253315754743049
2024-12-20 17:23:17.889566,,,0.2965707153879513
2024-12-20 17:23:17.922529,,,0.29842207570024315
2024-12-20 17:23:17.952545,,,0.3081928370470504
2024-12-20 17:23:18.001149,,,0.3012396705373901
2024-12-20 17:23:18.034269,,,0.3059177736784914
2024-12-20 17:23:18.067158,,,0.26665188304797666
2024-12-20 17:23:18.104274,,,0.25688112170116933
2024-12-20 17:23:18.137367,,,0.2651077161595173
2024-12-20 17:23:18.171761,,,0.3081928370470504
2024-12-20 17:23:18.206499,,,0.3081928370470504
2024-12-20 17:23:18.241394,,,0.30664867015859104
2024-12-20 17:23:18.277910,,,0.31189143077590264
2024-12-20 17:23:18.313322,,,0.27338916489670406
2024-12-20 17:23:18.347871,,,0.3241565489430773
2024-12-20 17:23:18.383390,,,0.30664867015859104
2024-12-20 17:23:18.421389,,,0.32291666666666663
2024-12-20 17:23:18.457387,,,0.3261141717931003
2024-12-20 17:23:18.492138,,,0.30664867015859104
2024-12-20 17:23:18.527364,,,0.3245669918932131
2024-12-20 17:23:18.563368,,,0.31049272172639514
2024-12-20 17:23:18.600875,,,0.3452411710060497
2024-12-20 17:23:18.636873,,,0.2651077161595173
2024-12-20 17:23:18.673879,,,0.2651077161595173
2024-12-20 17:23:18.712411,,,0.27338916489670406
2024-12-20 17:23:18.749394,,,0.2993355473569827
2024-12-20 17:23:18.786558,,,0.2753089443822268
2024-12-20 17:23:18.822029,,,0.3284536506224648
2024-12-20 17:23:18.861030,,,0.27338916489670406
2024-12-20 17:23:18.898544,,,0.314363883008419
2024-12-20 17:23:18.933545,,,0.2600096851292172
2024-12-20 17:23:18.968200,,,0.2768531112706861
2024-12-20 17:23:19.003710,,,0.3085684496441138
2024-12-20 17:23:19.037709,,,0.30664867015859104
2024-12-20 17:23:19.073716,,,0.2753089443822268
2024-12-20 17:23:19.108228,,,0.3081928370470504
2024-12-20 17:23:19.145454,,,0.337930771736764
2024-12-20 17:23:19.182968,,,0.27338916489670406
2024-12-20 17:23:19.220984,,,0.26894727513056277
2024-12-20 17:23:19.257084,,,0.27047033090934147
2024-12-20 17:23:19.290694,,,0.26702749564504
2024-12-20 17:23:19.322586,,,0.27338916489670406
2024-12-20 17:23:19.354601,,,0.27493333178516344
2024-12-20 17:23:19.387309,,,0.2653511438491562
2024-12-20 17:23:19.420318,,,0.2599615464478238
2024-12-20 17:23:19.453487,,,0.27493333178516344
2024-12-20 17:23:19.487114,,,0.3082953401752754
2024-12-20 17:23:19.520490,2024-12-20 17:23:19.722960,0.20247,0.2830011070118247
2024-12-20 17:23:19.722960,,,0.2830011070118247
2024-12-20 17:23:19.757980,,,0.25803802104754786
2024-12-20 17:23:19.791760,,,0.2535998771961598
2024-12-20 17:23:19.824777,,,0.28125
2024-12-20 17:23:19.859658,,,0.3128286506224648
2024-12-20 17:23:19.891293,,,0.29035114384915617
2024-12-20 17:23:19.924401,,,0.29035114384915617
2024-12-20 17:23:19.956400,,,0.2965707153879513
2024-12-20 17:23:19.988040,,,0.3074898822764107
2024-12-20 17:23:20.021047,,,0.2966011438491562
2024-12-20 17:23:20.054151,,,0.2978410261255669
2024-12-20 17:23:20.086102,2024-12-20 17:23:20.120474,0.034372,0.2981148822764107
2024-12-20 17:23:20.120474,,,0.2981148822764107
2024-12-20 17:23:20.152623,,,0.2807022876983124
2024-12-20 17:23:20.183470,,,0.2978410261255669
2024-12-20 17:23:20.217469,,,0.3081928370470504
2024-12-20 17:23:20.252468,,,0.29035114384915617
2024-12-20 17:23:20.285019,,,0.27366302104754786
2024-12-20 17:23:20.318018,,,0.26666666666666666
2024-12-20 17:23:20.350461,,,0.2809761438491562
2024-12-20 17:23:20.382756,,,0.2514329241062449
2024-12-20 17:23:20.415755,,,0.313435597664362
2024-12-20 17:23:20.447108,,,0.25779459335790894
2024-12-20 17:23:20.480176,,,0.27338916489670406
2024-12-20 17:23:20.514065,,,0.31652393144128077
2024-12-20 17:23:20.547066,,,0.27543638099820333
2024-12-20 17:23:20.580929,,,0.313435597664362
2024-12-20 17:23:20.613330,,,0.2736940439029407
2024-12-20 17:23:20.646410,,,0.3049876371733694
2024-12-20 17:23:20.677543,,,0.30003840767668666
2024-12-20 17:23:20.712364,,,0.3137398822764107
2024-12-20 17:23:20.744431,,,0.3027507702666272
2024-12-20 17:23:20.776482,,,0.3140471798998873
2024-12-20 17:23:20.809277,,,0.3125
2024-12-20 17:23:20.843177,,,0.3042949371550866
2024-12-20 17:23:20.875180,,,0.2962968592371075
2024-12-20 17:23:20.909102,,,0.27401986012842383
2024-12-20 17:23:20.941013,,,0.2978410261255669
2024-12-20 17:23:20.975017,,,0.3030550548786759
2024-12-20 17:23:21.006534,,,0.2962968592371075
2024-12-20 17:23:21.038534,,,0.3030550548786759
2024-12-20 17:23:21.070538,,,0.2883745493908083
2024-12-20 17:23:21.107129,,,0.2883745493908083
2024-12-20 17:23:21.138917,,,0.3137398822764107
2024-12-20 17:23:21.172941,,,0.2580899056436944
2024-12-20 17:23:21.205496,,,0.25984180945940816
2024-12-20 17:23:21.240587,,,0.3021416785978574
2024-12-20 17:23:21.273503,,,0.2744243459888524
2024-12-20 17:23:21.308002,,,0.31652393144128077
2024-12-20 17:23:21.342108,,,0.2981148822764107
2024-12-20 17:23:21.375114,,,0.299662062176298
2024-12-20 17:23:21.408765,,,0.2807022876983124
2024-12-20 17:23:21.439769,2024-12-20 17:23:21.605086,0.165317,0.29014319765968954
2024-12-20 17:23:21.605086,,,0.29014319765968954
2024-12-20 17:23:21.639083,,,0.2978410261255669
2024-12-20 17:23:21.669291,,,0.2651077161595173
2024-12-20 17:23:21.699809,,,0.2962968592371075
2024-12-20 17:23:21.731706,,,0.34437122005296017
2024-12-20 17:23:21.764805,,,0.29976080561108964
2024-12-20 17:23:21.797320,,,0.32877664851416505
2024-12-20 17:23:21.828342,,,0.2962968592371075
2024-12-20 17:23:21.861321,,,0.34437122005296017
2024-12-20 17:23:21.893960,,,0.31771042127030424
2024-12-20 17:23:21.927087,,,0.3056580832920369
2024-12-20 17:23:21.958211,,,0.32254330103029927
2024-12-20 17:23:21.989705,,,0.30039374084560305
2024-12-20 17:23:22.022709,,,0.3042949371550866
2024-12-20 17:23:22.057002,,,0.289614431667219
2024-12-20 17:23:22.089531,,,0.3018484731151865
2024-12-20 17:23:22.122683,,,0.32697824549098925
2024-12-20 17:23:22.155596,,,0.31310258118811074
2024-12-20 17:23:22.188895,,,0.28807026477875963
2024-12-20 17:23:22.222912,,,0.31310258118811074
2024-12-20 17:23:22.256920,,,0.31310258118811074
2024-12-20 17:23:22.292074,,,0.30332965504209974
2024-12-20 17:23:22.326073,,,0.32378740858584554
2024-12-20 17:23:22.360073,,,0.3599657915917553
2024-12-20 17:23:22.395274,,,0.31743127575449476
2024-12-20 17:23:22.429257,,,0.3475376622503561
2024-12-20 17:23:22.464279,,,0.30330212962789127
2024-12-20 17:23:22.499387,,,0.3033088235294118
2024-12-20 17:23:22.534405,,,0.2841662340722945
2024-12-20 17:23:22.568439,,,0.25984180945940816
2024-12-20 17:23:22.603690,2024-12-20 17:23:22.708208,0.104518,0.2514329241062449
2024-12-20 17:23:22.708208,,,0.2514329241062449
2024-12-20 17:23:22.743805,,,0.2807022876983124
2024-12-20 17:23:22.779672,,,0.25688112170116933
2024-12-20 17:23:22.814181,,,0.3137398822764107
2024-12-20 17:23:22.849182,,,0.2671721798998873
2024-12-20 17:23:22.884697,,,0.2973243087988137
2024-12-20 17:23:22.920698,,,0.2516763517958838
2024-12-20 17:23:22.956318,,,0.315287062176298
2024-12-20 17:23:22.991853,,,0.315287062176298
2024-12-20 17:23:23.026851,,,0.2874300548786759
2024-12-20 17:23:23.062853,,,0.26730509771063704
2024-12-20 17:23:23.096935,,,0.28807026477875963
2024-12-20 17:23:23.132933,,,0.32224324169738616
2024-12-20 17:23:23.167980,,,0.27338916489670406
2024-12-20 17:23:23.201061,,,0.31189143077590264
2024-12-20 17:23:23.234073,,,0.31189143077590264
2024-12-20 17:23:23.266468,,,0.3030550548786759
2024-12-20 17:23:23.299509,,,0.3109891336244619
2024-12-20 17:23:23.332277,,,0.27247569323996446
2024-12-20 17:23:23.364542,,,0.2962968592371075
2024-12-20 17:23:23.398210,,,0.2962968592371075
2024-12-20 17:23:23.431011,,,0.32224324169738616
2024-12-20 17:23:23.462908,,,0.29842207570024315
2024-12-20 17:23:23.495457,,,0.2900189175276475
2024-12-20 17:23:23.526455,,,0.27247569323996446
2024-12-20 17:23:23.557564,,,0.31189143077590264
2024-12-20 17:23:23.588968,,,0.2651077161595173
2024-12-20 17:23:23.620968,,,0.2651077161595173
2024-12-20 17:23:23.652990,,,0.2651077161595173
2024-12-20 17:23:23.685397,,,0.27338916489670406
2024-12-20 17:23:23.717399,,,0.2978410261255669
2024-12-20 17:23:23.751295,,,0.2962968592371075
2024-12-20 17:23:23.783808,,,0.2962968592371075
2024-12-20 17:23:23.818911,,,0.313435597664362
2024-12-20 17:23:23.850181,,,0.2962968592371075
2024-12-20 17:23:23.883695,,,0.32224324169738616
2024-12-20 17:23:23.916044,,,0.31189143077590264
2024-12-20 17:23:23.949046,,,0.2651077161595173
2024-12-20 17:23:23.981048,,,0.28262206718383515
2024-12-20 17:23:24.011570,,,0.3027507702666272
2024-12-20 17:23:24.044571,,,0.32261238205461795
2024-12-20 17:23:24.076578,,,0.32564188610920936
2024-12-20 17:23:24.109273,,,0.32378740858584554
2024-12-20 17:23:24.141258,,,0.30614941467845036
2024-12-20 17:23:24.175718,,,0.33066105982374827
2024-12-20 17:23:24.211642,,,0.31189143077590264
2024-12-20 17:23:24.244640,,,0.27338916489670406
2024-12-20 17:23:24.276660,,,0.313435597664362
2024-12-20 17:23:24.310312,,,0.31189143077590264
2024-12-20 17:23:24.343225,,,0.3137428952878386
2024-12-20 17:23:24.377208,,,0.28740996737856794
2024-12-20 17:23:24.409199,,,0.3253315754743049
2024-12-20 17:23:24.443214,,,0.31189143077590264
2024-12-20 17:23:24.475504,,,0.28807026477875963
2024-12-20 17:23:24.511839,,,0.3241565489430773
2024-12-20 17:23:24.545632,,,0.26702749564504
2024-12-20 17:23:24.576636,,,0.32224324169738616
2024-12-20 17:23:24.608143,,,0.313435597664362
2024-12-20 17:23:24.641161,,,0.296875
2024-12-20 17:23:24.673149,,,0.26857166253349934
2024-12-20 17:23:24.705709,,,0.31011261653257316
2024-12-20 17:23:24.737904,,,0.27892960426948415
2024-12-20 17:23:24.771120,,,0.2978410261255669
2024-12-20 17:23:24.818526,,,0.28992172929069554
2024-12-20 17:23:24.854581,,,0.2965707153879513
2024-12-20 17:23:24.888111,,,0.3030045389173631
2024-12-20 17:23:24.920093,,,0.2978410261255669
2024-12-20 17:23:24.955095,,,0.30664867015859104
2024-12-20 17:23:24.992528,,,0.31189143077590264
2024-12-20 17:23:25.026535,,,0.3070178105158229
2024-12-20 17:23:25.059536,,,0.25779518775209687
2024-12-20 17:23:25.094940,,,0.3121957153879513
2024-12-20 17:23:25.128938,,,0.2966011438491562
2024-12-20 17:23:25.162985,,,0.3241941963261192
2024-12-20 17:23:25.196932,,,0.2962968592371075
2024-12-20 17:23:25.231303,,,0.30692252630943484
2024-12-20 17:23:25.267190,,,0.32224324169738616
2024-12-20 17:23:25.301056,,,0.32254752630943484
2024-12-20 17:23:25.337039,,,0.30664867015859104
2024-12-20 17:23:25.371042,,,0.32378740858584554
2024-12-20 17:23:25.406568,,,0.30692252630943484
2024-12-20 17:23:25.441567,,,0.32224324169738616
2024-12-20 17:23:25.476555,,,0.32224324169738616
2024-12-20 17:23:25.511066,,,0.30692252630943484
2024-12-20 17:23:25.547066,,,0.31652393144128077
2024-12-20 17:23:25.582071,,,0.32254752630943484
2024-12-20 17:23:25.616644,,,0.2874300548786759
2024-12-20 17:23:25.652154,,,0.30856197740428226
2024-12-20 17:23:25.687268,,,0.28860294117647056
2024-12-20 17:23:25.721269,,,0.28807026477875963
2024-12-20 17:23:25.754268,,,0.313435597664362
2024-12-20 17:23:25.790777,,,0.31666666666666665
2024-12-20 17:23:25.827778,,,0.31189143077590264
2024-12-20 17:23:25.871786,,,0.33096534443579695
2024-12-20 17:23:25.909307,,,0.31189143077590264
2024-12-20 17:23:25.942294,,,0.2962968592371075
2024-12-20 17:23:26.008344,,,0.315287062176298
2024-12-20 17:23:26.041321,,,0.2981453107376156
2024-12-20 17:23:26.075530,,,0.32254752630943484
2024-12-20 17:23:26.111936,,,0.3088388465665539
2024-12-20 17:23:26.144982,,,0.27368447718248956
2024-12-20 17:23:26.180959,2024-12-20 17:23:26.286492,0.105533,0.2640559786508223
2024-12-20 17:23:26.286492,,,0.2640559786508223
2024-12-20 17:23:26.321497,2024-12-20 17:23:26.394058,0.072561,0.27634412547437515
2024-12-20 17:23:26.394058,,,0.27634412547437515
2024-12-20 17:23:26.430056,,,0.27338916489670406
2024-12-20 17:23:26.466058,,,0.2769805478866627
2024-12-20 17:23:26.501246,,,0.2600852371490471
2024-12-20 17:23:26.536246,,,0.27338916489670406
2024-12-20 17:23:26.571245,,,0.29189531073761554
2024-12-20 17:23:26.606777,,,0.29966777367849134
2024-12-20 17:23:26.643760,,,0.2978410261255669
2024-12-20 17:23:26.678768,,,0.3059177736784914
2024-12-20 17:23:26.714299,,,0.2660760420950957
2024-12-20 17:23:26.749274,2024-12-20 17:23:26.963044,0.21377,0.32903016920315714
2024-12-20 17:23:26.963044,,,0.32903016920315714
2024-12-20 17:23:26.998561,,,0.2966011438491562
2024-12-20 17:23:27.032560,,,0.2668953107376156
2024-12-20 17:23:27.099076,,,0.29692979447162093
2024-12-20 17:23:27.133074,,,0.31189143077590264
2024-12-20 17:23:27.167073,,,0.3137428952878386
2024-12-20 17:23:27.200102,,,0.2966011438491562
2024-12-20 17:23:27.230718,,,0.3149797645528214
2024-12-20 17:23:27.264711,,,0.315287062176298
2024-12-20 17:23:27.300347,,,0.315287062176298
2024-12-20 17:23:27.332443,,,0.2970289586892702
2024-12-20 17:23:27.363665,,,0.31652393144128077
2024-12-20 17:23:27.397180,,,0.31189143077590264
2024-12-20 17:23:27.428173,,,0.27247569323996446
2024-12-20 17:23:27.461189,,,0.3137398822764107
2024-12-20 17:23:27.495732,,,0.313435597664362
2024-12-20 17:23:27.528734,,,0.305839104043546
2024-12-20 17:23:27.561749,,,0.31189143077590264
2024-12-20 17:23:27.595924,,,0.3149797645528214
2024-12-20 17:23:27.628237,,,0.3149797645528214
2024-12-20 17:23:27.661253,,,0.3030550548786759
2024-12-20 17:23:27.694077,,,0.32224324169738616
2024-12-20 17:23:27.726973,,,0.2978410261255669
2024-12-20 17:23:27.759075,,,0.289614431667219
2024-12-20 17:23:27.791550,2024-12-20 17:23:27.893864,0.102314,0.2516763517958838
2024-12-20 17:23:27.893864,,,0.2516763517958838
2024-12-20 17:23:27.926813,,,0.28444383613789154
2024-12-20 17:23:27.959813,2024-12-20 17:23:27.993354,0.033541,0.26621542820874333
2024-12-20 17:23:27.993354,,,0.26621542820874333
2024-12-20 17:23:28.027355,,,0.26965933229468814
2024-12-20 17:23:28.060355,,,0.31652393144128077
2024-12-20 17:23:28.093853,,,0.3149797645528214
2024-12-20 17:23:28.127868,,,0.313435597664362
2024-12-20 17:23:28.160853,,,0.2822464545867718
2024-12-20 17:23:28.222361,,,0.3612564377912226
2024-12-20 17:23:28.284586,,,0.34437122005296017
2024-12-20 17:23:28.318856,,,0.313435597664362
2024-12-20 17:23:28.350870,,,0.313435597664362
2024-12-20 17:23:28.383116,,,0.29821663872263027
2024-12-20 17:23:28.474658,,,0.34862041883208505
2024-12-20 17:23:28.507691,,,0.34437122005296017
2024-12-20 17:23:28.539670,,,0.32903016920315714
2024-12-20 17:23:28.572779,,,0.3192545881587636
2024-12-20 17:23:28.699541,,,0.32803764233657234
2024-12-20 17:23:28.732645,,,0.29361010975735174
2024-12-20 17:23:28.766958,,,0.313435597664362
2024-12-20 17:23:28.798070,,,0.3305743360916165
2024-12-20 17:23:28.830411,,,0.301304972499549
2024-12-20 17:23:28.863459,,,0.32224324169738616
2024-12-20 17:23:28.895972,,,0.31189143077590264
2024-12-20 17:23:28.927969,,,0.313435597664362
2024-12-20 17:23:28.962065,,,0.31189143077590264
2024-12-20 17:23:28.996396,,,0.313435597664362
2024-12-20 17:23:29.029681,,,0.31189143077590264
2024-12-20 17:23:29.062682,,,0.3149797645528214
2024-12-20 17:23:29.093588,,,0.289614431667219
2024-12-20 17:23:29.189310,,,0.2978410261255669
2024-12-20 17:23:29.222317,,,0.31806809832974015
2024-12-20 17:23:29.254429,,,0.2962968592371075
2024-12-20 17:23:29.286424,,,0.3149797645528214
2024-12-20 17:23:29.318043,,,0.2807022876983124
2024-12-20 17:23:29.352019,,,0.3109891336244619
2024-12-20 17:23:29.384038,,,0.3303208154026244
2024-12-20 17:23:29.417734,,,0.313435597664362
2024-12-20 17:23:29.451645,,,0.3325950526188697
2024-12-20 17:23:29.484649,,,0.2651077161595173
2024-12-20 17:23:29.517192,,,0.26702749564504
2024-12-20 17:23:29.549478,,,0.31189143077590264
2024-12-20 17:23:29.582381,,,0.27493333178516344
2024-12-20 17:23:29.616822,,,0.313435597664362
2024-12-20 17:23:29.650090,,,0.313435597664362
2024-12-20 17:23:29.683675,,,0.3149797645528214
2024-12-20 17:23:29.718132,,,0.31189143077590264
2024-12-20 17:23:29.752133,,,0.3149797645528214
2024-12-20 17:23:29.785243,,,0.31189143077590264
2024-12-20 17:23:29.818052,,,0.2910540986197959
2024-12-20 17:23:29.853338,,,0.32224324169738616
2024-12-20 17:23:29.886354,,,0.3325950526188697
2024-12-20 17:23:29.920282,,,0.2962968592371075
2024-12-20 17:23:29.954850,,,0.32254752630943484
2024-12-20 17:23:29.987047,,,0.27338916489670406
2024-12-20 17:23:30.021806,,,0.32254752630943484
2024-12-20 17:23:30.055223,,,0.3325950526188697
2024-12-20 17:23:30.090074,,,0.2900189175276475
2024-12-20 17:23:30.124747,,,0.31591106290830623
2024-12-20 17:23:30.157747,,,0.3198785888907719
2024-12-20 17:23:30.193261,,,0.313435597664362
2024-12-20 17:23:30.231286,,,0.2993355473569827
2024-12-20 17:23:30.266262,,,0.32903016920315714
2024-12-20 17:23:30.300775,,,0.2910309525369984
2024-12-20 17:23:30.335296,,,0.3074649535783786
2024-12-20 17:23:30.371192,,,0.3325950526188697
2024-12-20 17:23:30.406939,,,0.277356160483726
2024-12-20 17:23:30.441940,,,0.3325950526188697
2024-12-20 17:23:30.477948,,,0.2978410261255669
2024-12-20 17:23:30.512485,,,0.3056134890664427
2024-12-20 17:23:30.547461,,,0.27979999054687166
2024-12-20 17:23:30.582480,,,0.31189143077590264
2024-12-20 17:23:30.617591,,,0.31175928654925744
2024-12-20 17:23:30.652561,2024-12-20 17:23:30.793376,0.140815,0.28262206718383515
2024-12-20 17:23:30.793376,,,0.28262206718383515
2024-12-20 17:23:30.829385,,,0.25898142733674695
2024-12-20 17:23:30.863374,,,0.29821663872263027
2024-12-20 17:23:30.898937,,,0.27493333178516344
2024-12-20 17:23:30.933884,,,0.31189143077590264
2024-12-20 17:23:30.968640,,,0.313435597664362
2024-12-20 17:23:31.003656,,,0.31189143077590264
2024-12-20 17:23:31.038972,,,0.3125243660104161
2024-12-20 17:23:31.073970,,,0.2962968592371075
2024-12-20 17:23:31.108488,,,0.3305743360916165
2024-12-20 17:23:31.142485,,,0.3085684496441138
2024-12-20 17:23:31.177486,,,0.2807022876983124
2024-12-20 17:23:31.210062,,,0.32224324169738616
2024-12-20 17:23:31.243166,,,0.2993355473569827
2024-12-20 17:23:31.278107,,,0.3092048720564013
2024-12-20 17:23:31.311604,,,0.29976080561108964
2024-12-20 17:23:31.347708,,,0.3013827634584819
2024-12-20 17:23:31.379712,,,0.3238899117140705
2024-12-20 17:23:31.412286,,,0.32378740858584554
2024-12-20 17:23:31.444180,,,0.31310258118811074
2024-12-20 17:23:31.478185,,,0.3076607051679419
2024-12-20 17:23:31.512818,,,0.3056134890664427
2024-12-20 17:23:31.547918,,,0.3253315754743049
2024-12-20 17:23:31.581932,,,0.3013827634584819
2024-12-20 17:23:31.616560,,,0.2978410261255669
2024-12-20 17:23:31.652574,,,0.29361030051760617
2024-12-20 17:23:31.688587,,,0.3547230309744437
2024-12-20 17:23:31.723097,,,0.313435597664362
2024-12-20 17:23:31.757093,,,0.31965918610610977
2024-12-20 17:23:31.792102,,,0.3192586400212949
2024-12-20 17:23:31.825618,,,0.33912845943564857
2024-12-20 17:23:31.860592,,,0.3076607051679419
2024-12-20 17:23:31.897654,,,0.2978410261255669
2024-12-20 17:23:31.933657,,,0.2962968592371075
2024-12-20 17:23:31.970652,,,0.3071576559549021
2024-12-20 17:23:32.006209,,,0.3071576559549021
2024-12-20 17:23:32.045195,,,0.3192586400212949
2024-12-20 17:23:32.081224,,,0.3238899117140705
2024-12-20 17:23:32.120817,,,0.3238899117140705
2024-12-20 17:23:32.156845,,,0.33313802483296046
2024-12-20 17:23:32.191739,,,0.2978410261255669
2024-12-20 17:23:32.227251,,,0.2962968592371075
2024-12-20 17:23:32.261256,,,0.27615954594786085
2024-12-20 17:23:32.296777,,,0.3238899117140705
2024-12-20 17:23:32.330785,,,0.32224324169738616
2024-12-20 17:23:32.366238,,,0.31189143077590264
2024-12-20 17:23:32.401777,,,0.3125333005129213
2024-12-20 17:23:32.436777,,,0.31162206885897537
2024-12-20 17:23:32.470242,,,0.329988883008419
2024-12-20 17:23:32.515111,,,0.31487242379226377
2024-12-20 17:23:32.549093,,,0.29692979447162093
2024-12-20 17:23:32.587101,,,0.3420638312334734
2024-12-20 17:23:32.621653,,,0.3002898872628196
2024-12-20 17:23:32.655740,,,0.2978410261255669
2024-12-20 17:23:32.687758,,,0.32748600231469777
2024-12-20 17:23:32.721266,,,0.3176119700046105
2024-12-20 17:23:32.754251,,,0.29692979447162093
2024-12-20 17:23:32.786475,,,0.33419368199495336
2024-12-20 17:23:32.819760,,,0.3082953401752754
2024-12-20 17:23:32.854942,,,0.3238899117140705
2024-12-20 17:23:32.886366,,,0.32966310443767055
2024-12-20 17:23:32.918984,,,0.3213409445459454
2024-12-20 17:23:32.951893,,,0.3449139255723296
2024-12-20 17:23:32.984991,,,0.36159115086447613
2024-12-20 17:23:33.017110,,,0.334241722635554
2024-12-20 17:23:33.050436,,,0.3086681357423693
2024-12-20 17:23:33.085553,,,0.31189143077590264
2024-12-20 17:23:33.117028,,,0.2962968592371075
2024-12-20 17:23:33.153049,,,0.3149797645528214
2024-12-20 17:23:33.186035,,,0.2962968592371075
2024-12-20 17:23:33.219540,,,0.3109891336244619
2024-12-20 17:23:33.253735,,,0.3176119700046105
2024-12-20 17:23:33.286742,,,0.3183816564466573
2024-12-20 17:23:33.320265,,,0.2588400718869018
2024-12-20 17:23:33.353955,2024-12-20 17:23:33.522667,0.168712,0.2672355033192861
2024-12-20 17:23:33.522667,,,0.2672355033192861
2024-12-20 17:23:33.556680,,,0.2652017411385658
2024-12-20 17:23:33.589670,,,0.26702749564504
2024-12-20 17:23:33.622247,,,0.274485769160398
2024-12-20 17:23:33.657202,,,0.27257709746040737
2024-12-20 17:23:33.689217,,,0.3000650902231383
2024-12-20 17:23:33.721657,,,0.26665188304797666
2024-12-20 17:23:33.760674,,,0.3030294334751663
2024-12-20 17:23:33.792660,,,0.3081928370470504
2024-12-20 17:23:33.826172,,,0.2822464545867718
2024-12-20 17:23:33.859186,,,0.3102151196607981
2024-12-20 17:23:33.892397,,,0.3082953401752754
2024-12-20 17:23:33.925602,,,0.3081928370470504
2024-12-20 17:23:33.958587,,,0.26702749564504
2024-12-20 17:23:33.991607,,,0.29976080561108964
2024-12-20 17:23:34.022785,,,0.3260580793345381
2024-12-20 17:23:34.063388,,,0.2962968592371075
2024-12-20 17:23:34.096681,,,0.313435597664362
2024-12-20 17:23:34.133926,,,0.28287045531878
2024-12-20 17:23:34.169946,,,0.3027507702666272
2024-12-20 17:23:34.205446,,,0.27979999054687166
2024-12-20 17:23:34.240460,,,0.28715619872783205
2024-12-20 17:23:34.276461,,,0.3062464243009561
2024-12-20 17:23:34.311556,,,0.30870182284336145
2024-12-20 17:23:34.346558,,,0.2978410261255669
2024-12-20 17:23:34.382566,,,0.2993851930140263
2024-12-20 17:23:34.417079,,,0.3077816566869103
2024-12-20 17:23:34.453123,,,0.2651077161595173
2024-12-20 17:23:34.489130,,,0.313435597664362
2024-12-20 17:23:34.524644,,,0.32224324169738616
2024-12-20 17:23:34.559641,,,0.2978410261255669
2024-12-20 17:23:34.598836,,,0.313435597664362
2024-12-20 17:23:34.633854,,,0.35087147526649753
2024-12-20 17:23:34.669834,,,0.3195994433749624
2024-12-20 17:23:34.704389,,,0.3149797645528214
2024-12-20 17:23:34.738390,,,0.2978410261255669
2024-12-20 17:23:34.774406,,,0.313435597664362
2024-12-20 17:23:34.809904,,,0.3076607051679419
2024-12-20 17:23:34.844902,,,0.3195994433749624
2024-12-20 17:23:34.880905,,,0.301304972499549
2024-12-20 17:23:34.916215,,,0.30092935990248565
2024-12-20 17:23:34.951230,,,0.29207207021241793
2024-12-20 17:23:34.987223,,,0.3325950526188697
2024-12-20 17:23:35.053974,,,0.32697824549098925
2024-12-20 17:23:35.088173,,,0.3269184182365106
2024-12-20 17:23:35.123780,,,0.33340914917954323
2024-12-20 17:23:35.156328,,,0.32697824549098925
2024-12-20 17:23:35.188354,,,0.29012865538555765
2024-12-20 17:23:35.222765,,,0.3071576559549021
2024-12-20 17:23:35.255764,,,0.32903016920315714
2024-12-20 17:23:35.290881,,,0.29692979447162093
2024-12-20 17:23:35.324159,,,0.3449991031560051
2024-12-20 17:23:35.356269,,,0.34437122005296017
2024-12-20 17:23:35.390295,,,0.2984739613600803
2024-12-20 17:23:35.427717,,,0.29976080561108964
2024-12-20 17:23:35.463698,,,0.2813352229328258
2024-12-20 17:23:35.495698,,,0.3125333005129213
2024-12-20 17:23:35.527209,,,0.30491893788709484
2024-12-20 17:23:35.560343,,,0.2651077161595173
2024-12-20 17:23:35.594231,,,0.313435597664362
2024-12-20 17:23:35.627794,,,0.313435597664362
2024-12-20 17:23:35.659119,,,0.3176119700046105
2024-12-20 17:23:35.692517,,,0.28920685009135083
2024-12-20 17:23:35.726950,,,0.31189143077590264
2024-12-20 17:23:35.759988,,,0.27338916489670406
2024-12-20 17:23:35.794813,,,0.31011261653257316
2024-12-20 17:23:35.828433,,,0.31801251608942543
2024-12-20 17:23:35.860411,,,0.313435597664362
2024-12-20 17:23:35.893521,,,0.27543638099820333
2024-12-20 17:23:35.928024,,,0.2807022876983124
2024-12-20 17:23:35.960013,,,0.3149797645528214
2024-12-20 17:23:35.992927,,,0.3002898872628196
2024-12-20 17:23:36.026727,,,0.3303208154026244
2024-12-20 17:23:36.059824,,,0.313435597664362
2024-12-20 17:23:36.093729,,,0.31189143077590264
2024-12-20 17:23:36.129319,,,0.3125333005129213
2024-12-20 17:23:36.164241,,,0.326583705163257
2024-12-20 17:23:36.197246,,,0.313435597664362
2024-12-20 17:23:36.230764,,,0.29411928631391715
2024-12-20 17:23:36.262877,,,0.30870182284336145
2024-12-20 17:23:36.295786,,,0.3201712258847256
2024-12-20 17:23:36.328449,,,0.2822464545867718
2024-12-20 17:23:36.393443,,,0.307099960851388
2024-12-20 17:23:36.428225,,,0.3140685328988755
2024-12-20 17:23:36.461131,,,0.3449064579327962
2024-12-20 17:23:36.492224,,,0.29693872897412615
2024-12-20 17:23:36.528822,,,0.31189143077590264
2024-12-20 17:23:36.561775,,,0.3140595983963703
2024-12-20 17:23:36.596009,,,0.313435597664362
2024-12-20 17:23:36.628572,,,0.3140685328988755
2024-12-20 17:23:36.665190,,,0.29411928631391715
2024-12-20 17:23:36.698299,,,0.3156037652848297
2024-12-20 17:23:36.731936,,,0.3042949371550866
2024-12-20 17:23:36.766358,,,0.3293344538152058
2024-12-20 17:23:36.798447,,,0.31189143077590264
2024-12-20 17:23:36.831017,,,0.3125333005129213
2024-12-20 17:23:36.863378,,,0.2962968592371075
2024-12-20 17:23:36.897204,,,0.31189143077590264
2024-12-20 17:23:36.929734,,,0.27892960426948415
2024-12-20 17:23:36.962767,,,0.33513087688840265
2024-12-20 17:23:36.995737,,,0.27543638099820333
2024-12-20 17:23:37.028578,,,0.2962968592371075
2024-12-20 17:23:37.061104,,,0.32224324169738616
2024-12-20 17:23:37.095142,,,0.31074903894486067
2024-12-20 17:23:37.127747,,,0.28262206718383515
2024-12-20 17:23:37.161792,,,0.3149797645528214
2024-12-20 17:23:37.194688,,,0.3140685328988755
2024-12-20 17:23:37.226199,,,0.31189143077590264
2024-12-20 17:23:37.259206,,,0.2985379834471058
2024-12-20 17:23:37.290203,,,0.3125333005129213
2024-12-20 17:23:37.323817,,,0.30983950706373475
2024-12-20 17:23:37.358598,,,0.32261238205461795
2024-12-20 17:23:37.390799,,,0.29361010975735174
2024-12-20 17:23:37.421327,,,0.3125333005129213
2024-12-20 17:23:37.454431,,,0.31189143077590264
2024-12-20 17:23:37.488375,,,0.29571933313773785
2024-12-20 17:23:37.520655,,,0.27543638099820333
2024-12-20 17:23:37.554657,,,0.2962968592371075
2024-12-20 17:23:37.585746,,,0.3388729943283296
2024-12-20 17:23:37.620364,,,0.320248068350283
2024-12-20 17:23:37.653362,,,0.31189143077590264
2024-12-20 17:23:37.687264,,,0.2993355473569827
2024-12-20 17:23:37.718879,,,0.3042949371550866
2024-12-20 17:23:37.750877,,,0.2993355473569827
2024-12-20 17:23:37.783787,,,0.3046705497521499
2024-12-20 17:23:37.816423,,,0.32877664851416505
2024-12-20 17:23:37.849328,,,0.34774127102072283
2024-12-20 17:23:37.883417,,,0.28715619872783205
2024-12-20 17:23:37.917137,,,0.3149797645528214
2024-12-20 17:23:37.949841,,,0.30983950706373475
2024-12-20 17:23:37.983842,,,0.3027507702666272
2024-12-20 17:23:38.018397,,,0.34922480524981314
2024-12-20 17:23:38.055410,,,0.33485173137259316
2024-12-20 17:23:38.089493,,,0.3149797645528214
2024-12-20 17:23:38.122988,,,0.2746677736784914
2024-12-20 17:23:38.158985,2024-12-20 17:23:38.230528,0.071543,0.2935853670298546
2024-12-20 17:23:38.230528,,,0.2935853670298546
2024-12-20 17:23:38.267529,,,0.268123258196595
2024-12-20 17:23:38.303045,,,0.30098221737366704
2024-12-20 17:23:38.339045,,,0.3159652999879262
2024-12-20 17:23:38.378048,,,0.3071576559549021
2024-12-20 17:23:38.414562,,,0.2896166716700126
2024-12-20 17:23:38.450558,,,0.3449064579327962
2024-12-20 17:23:38.487562,,,0.2827057947260392
2024-12-20 17:23:38.527080,,,0.26857166253349934
2024-12-20 17:23:38.569079,,,0.29821663872263027
2024-12-20 17:23:38.607793,,,0.3085684496441138
2024-12-20 17:23:38.642794,,,0.32378740858584554
2024-12-20 17:23:38.683793,,,0.33094481613463267
2024-12-20 17:23:38.733327,,,0.29821663872263027
2024-12-20 17:23:38.773309,,,0.3085684496441138
2024-12-20 17:23:38.811851,,,0.2962968592371075
2024-12-20 17:23:38.851852,,,0.33119833682362476
2024-12-20 17:23:38.888858,,,0.3216248823974304
2024-12-20 17:23:38.930365,,,0.3503831648860334
2024-12-20 17:23:38.969366,,,0.2978410261255669
2024-12-20 17:23:39.007956,,,0.30856197740428226
2024-12-20 17:23:39.045942,,,0.3228761769318996
2024-12-20 17:23:39.082939,,,0.2978410261255669
2024-12-20 17:23:39.118510,,,0.32254752630943484
2024-12-20 17:23:39.154508,,,0.33340914917954323
2024-12-20 17:23:39.189531,,,0.32903016920315714
2024-12-20 17:23:39.225022,,,0.3315021764232073
2024-12-20 17:23:39.269467,,,0.2962968592371075
2024-12-20 17:23:39.306046,,,0.32224324169738616
2024-12-20 17:23:39.342092,,,0.31652393144128077
2024-12-20 17:23:39.377934,,,0.2978410261255669
2024-12-20 17:23:39.414037,,,0.29693872897412615
2024-12-20 17:23:39.448114,,,0.33485173137259316
2024-12-20 17:23:39.482104,,,0.2978410261255669
2024-12-20 17:23:39.514731,,,0.33485173137259316
2024-12-20 17:23:39.548663,,,0.2978410261255669
2024-12-20 17:23:39.581690,,,0.2978410261255669
2024-12-20 17:23:39.614406,,,0.36049345900368046
2024-12-20 17:23:39.647688,,,0.34566186625242745
2024-12-20 17:23:39.681689,,,0.3149797645528214
2024-12-20 17:23:39.715237,,,0.2962968592371075
2024-12-20 17:23:39.746409,,,0.2978410261255669
2024-12-20 17:23:39.779408,,,0.31189143077590264
2024-12-20 17:23:39.812385,,,0.28262206718383515
2024-12-20 17:23:39.847275,,,0.28807026477875963
2024-12-20 17:23:39.880375,,,0.31806809832974015
2024-12-20 17:23:39.913532,,,0.2978410261255669
2024-12-20 17:23:39.945923,,,0.32224324169738616
2024-12-20 17:23:39.978964,,,0.313435597664362
2024-12-20 17:23:40.011130,,,0.313435597664362
2024-12-20 17:23:40.043115,,,0.32903016920315714
2024-12-20 17:23:40.077132,,,0.313435597664362
2024-12-20 17:23:40.112972,,,0.3149797645528214
2024-12-20 17:23:40.147020,,,0.29821663872263027
2024-12-20 17:23:40.180992,,,0.3303208154026245
2024-12-20 17:23:40.214489,,,0.31189143077590264
2024-12-20 17:23:40.247503,,,0.31175928654925744
2024-12-20 17:23:40.280503,,,0.32877664851416505
2024-12-20 17:23:40.312999,,,0.32903016920315714
2024-12-20 17:23:40.347489,,,0.3254340786025299
2024-12-20 17:23:40.380388,,,0.301304972499549
2024-12-20 17:23:40.414915,,,0.3109891336244619
2024-12-20 17:23:40.447900,,,0.3125333005129213
2024-12-20 17:23:40.479862,,,0.30161227012302555
2024-12-20 17:23:40.511389,,,0.31189143077590264
2024-12-20 17:23:40.544390,,,0.3149797645528214
2024-12-20 17:23:40.577392,,,0.313435597664362
2024-12-20 17:23:40.608915,,,0.30583660272229435
2024-12-20 17:23:40.641934,,,0.31189143077590264
2024-12-20 17:23:40.675933,,,0.31652393144128077
2024-12-20 17:23:40.706429,,,0.3281278720517164
2024-12-20 17:23:40.739681,,,0.3575923888105591
2024-12-20 17:23:40.771664,,,0.32877664851416505
2024-12-20 17:23:40.803207,,,0.3149797645528214
2024-12-20 17:23:40.836222,2024-12-20 17:23:40.870234,0.034012,0.2744243459888524
2024-12-20 17:23:40.870234,,,0.2744243459888524
2024-12-20 17:23:40.904883,,,0.2652017411385658
2024-12-20 17:23:40.937994,,,0.30664867015859104
2024-12-20 17:23:40.970883,,,0.314375830522352
2024-12-20 17:23:41.003393,,,0.34566186625242745
2024-12-20 17:23:41.036400,,,0.313435597664362
2024-12-20 17:23:41.070398,,,0.313435597664362
2024-12-20 17:23:41.104913,,,0.30199727484719785
2024-12-20 17:23:41.136930,,,0.341028650141325
2024-12-20 17:23:41.170934,,,0.3125333005129213
2024-12-20 17:23:41.203424,,,0.34770635278115747
2024-12-20 17:23:41.239258,,,0.305839104043546
2024-12-20 17:23:41.273269,,,0.363666065854411
2024-12-20 17:23:41.305001,,,0.3181465976815818
2024-12-20 17:23:41.337882,,,0.3321970023319176
2024-12-20 17:23:41.370979,,,0.3280287078340671
2024-12-20 17:23:41.408423,,,0.32932082089650616
2024-12-20 17:23:41.439522,,,0.3334876485313849
2024-12-20 17:23:41.472532,,,0.33085605328246037
2024-12-20 17:23:41.508095,,,0.3607574603436338
2024-12-20 17:23:41.542993,,,0.3159652999879262
2024-12-20 17:23:41.578100,,,0.3483463251663016
2024-12-20 17:23:41.612554,,,0.31714793217328907
2024-12-20 17:23:41.646556,,,0.3350318154198443
2024-12-20 17:23:41.681565,,,0.34774127102072283
2024-12-20 17:23:41.715334,,,0.3449064579327962
2024-12-20 17:23:41.747336,,,0.3449064579327962
2024-12-20 17:23:41.781383,,,0.3201712258847256
2024-12-20 17:23:41.813903,,,0.35010401937022384
2024-12-20 17:23:41.847929,,,0.3201712258847256
2024-12-20 17:23:41.880902,,,0.33485173137259316
2024-12-20 17:23:41.913631,,,0.3238899117140705
2024-12-20 17:23:41.946631,,,0.3247972308709116
2024-12-20 17:23:41.980762,,,0.33485173137259316
2024-12-20 17:23:42.013512,,,0.33485173137259316
2024-12-20 17:23:42.048627,,,0.3529412192478747
2024-12-20 17:23:42.082603,,,0.35010401937022384
2024-12-20 17:23:42.119081,,,0.33485173137259316
2024-12-20 17:23:42.155080,,,0.34774127102072283
2024-12-20 17:23:42.190087,,,0.3608661710060497
2024-12-20 17:23:42.226170,,,0.3663061432727719
2024-12-20 17:23:42.261169,,,0.3195994433749624
2024-12-20 17:23:42.296177,,,0.33494992888186176
2024-12-20 17:23:42.331557,,,0.34619710413226346
2024-12-20 17:23:42.366623,,,0.3221422757717146
2024-12-20 17:23:42.401626,,,0.3420880469869081
2024-12-20 17:23:42.436140,,,0.3321970023319176
2024-12-20 17:23:42.472139,,,0.34774127102072283
2024-12-20 17:23:42.507678,,,0.32903016920315714
2024-12-20 17:23:42.542693,,,0.34774127102072283
2024-12-20 17:23:42.578679,,,0.35010401937022384
2024-12-20 17:23:42.614671,,,0.34774127102072283
2024-12-20 17:23:42.648707,,,0.3495550848277864
2024-12-20 17:23:42.684723,,,0.34774127102072283
2024-12-20 17:23:42.719248,,,0.3109891336244619
2024-12-20 17:23:42.754265,,,0.3030294334751663
2024-12-20 17:23:42.792279,,,0.29270076863648026
2024-12-20 17:23:42.829787,,,0.2911155217913415
2024-12-20 17:23:42.864788,,,0.3125243660104161
2024-12-20 17:23:42.898794,,,0.2993851930140263
2024-12-20 17:23:42.934314,,,0.3303208154026245
2024-12-20 17:23:42.969179,,,0.33240022017091975
2024-12-20 17:23:43.004486,,,0.313435597664362
2024-12-20 17:23:43.039501,,,0.34774127102072283
2024-12-20 17:23:43.073611,,,0.34678835090593696
2024-12-20 17:23:43.108354,,,0.313435597664362
2024-12-20 17:23:43.141351,,,0.3125243660104161
2024-12-20 17:23:43.173246,,,0.36215933554195934
2024-12-20 17:23:43.206869,,,0.34774127102072283
2024-12-20 17:23:43.243766,,,0.34645062482125555
2024-12-20 17:23:43.291984,,,0.3305743360916165
2024-12-20 17:23:43.329489,,,0.32903016920315714
2024-12-20 17:23:43.366463,,,0.3343108132751934
2024-12-20 17:23:43.401280,,,0.34983675924134383
2024-12-20 17:23:43.436701,,,0.37611845900368046
2024-12-20 17:23:43.469701,,,0.3503831648860334
2024-12-20 17:23:43.503820,,,0.35155767588292874
2024-12-20 17:23:43.538476,,,0.32748600231469777
2024-12-20 17:23:43.572524,,,0.34619710413226346
2024-12-20 17:23:43.606038,,,0.34801091793932704
2024-12-20 17:23:43.652384,,,0.3617916756710585
2024-12-20 17:23:43.686707,,,0.31189143077590264
2024-12-20 17:23:43.720174,,,0.3228761769318996
2024-12-20 17:23:43.755175,2024-12-20 17:23:43.789261,0.034086,0.25898142733674695
2024-12-20 17:23:43.789261,,,0.25898142733674695
2024-12-20 17:23:43.822832,,,0.3125243660104161
2024-12-20 17:23:43.857839,,,0.2970289586892702
2024-12-20 17:23:43.889814,,,0.3303208154026245
2024-12-20 17:23:43.922557,,,0.3140685328988755
2024-12-20 17:23:43.956667,,,0.340672626324108
2024-12-20 17:23:43.990928,,,0.34770635278115747
